2 0.456079321875 0 0.3565425296875 0.01953809375 0 0.09342515312500001 0 0.5474131734375 0.0028892375 0.563008365625 0.08783180625 1 0.54580743125 1 1 0.91123835 1 0.45906263125 0.9091818937499999 0 0.456079321875 0
3 0.19715533125 0.1560366140625 0.6449525281249999 0.0675530078125 0.643395653125 0.043871234375 0.1897833671875 0.13405890625 0.19715533125 0.1560366140625
0 0.37858002343749997 0.3717253875 0.7728789875000001 0.2950814328125 0.7741116265625 0.27770376875 0.37866637187499996 0.3562215453125 0.37858002343749997 0.3717253875
1 0.090585375 0.6005445453125 0.91537536875 0.4340988171875 0.9053420203125 0.37461459218750004 0.0787798859375 0.5398105671875 0.090585375 0.6005445453125
1 0.9123832328124999 0.43465367656250004 0.10469699531250001 0.60137640625 0.116400575 0.63367723125 0.9142924828125001 0.4754910859375 0.9123832328124999 0.43465367656250004
1 0.929387875 0.5181478796875 0.9211577609375 0.47580761718750003 0.113683346875 0.6356460546875 0.1211639671875 0.6719663671875 0.929387875 0.5181478796875
1 0.932511303125 0.5740865265624999 0.9249071875 0.5190188359375 0.1411272484375 0.6731710453125 0.1514486234375 0.7262699171875 0.932511303125 0.5740865265624999
1 0.1037672546875 0.8079044453125 0.9541336906250001 0.63360585 0.9468365406249999 0.5731316625 0.0908149484375 0.74127060625 0.1037672546875 0.8079044453125
1 0.958337296875 0.6352965234375 0.11032975625000001 0.8058951265625 0.1101522953125 0.8408655375 0.9662543390625 0.6742238687500001 0.958337296875 0.6352965234375
1 0.9726812859375 0.6732068859375 0.1140164578125 0.844796565625 0.10473811250000001 0.8847775046875 0.976979409375 0.7144458421875 0.9726812859375 0.6732068859375
4 0.284714834375 1 0.95051341875 0.8708839125000001 0.9538240078125 0.8395659390624999 0.1540085578125 0.995454990625 0.15441254531249998 1 0.284714834375 1