2 0.48931159375 0 0 0.034712028125 0 0.496922821875 0.03686019375 1 0.505307803125 1 0.5838345828125 0.9943636843749999 0.98421925625 0.9613911640625 1 0.9587533015625 1 0.48253960625000003 0.96625754375 0 0.48931159375 0
3 0.75866871875 0.878307015625 0.30342589375 0.911558328125 0.302085084375 0.9352533171875 0.7633073234375 0.9010193203125001 0.75866871875 0.878307015625
0 0.6048821875 0.6421158453125 0.20418172031249998 0.6701355515625 0.20084046562500002 0.687233465625 0.602907040625 0.6574936015625 0.6048821875 0.6421158453125
1 0.9186162078125 0.45009999062499995 0.0796894421875 0.5147884421875 0.0823987 0.5750520375 0.922932090625 0.51181999375 0.9186162078125 0.45009999062499995
1 0.0827268953125 0.5146023671875 0.9047111515624999 0.44755455624999996 0.8970312890625 0.41406818906250004 0.0858087046875 0.4738366765625 0.0827268953125 0.5146023671875
1 0.0760243875 0.42965817343749996 0.079033175 0.4726858359375 0.899968203125 0.41244518750000003 0.896969675 0.3754839421875 0.0760243875 0.42965817343749996
1 0.079741446875 0.373755834375 0.08057781875 0.4293397671875 0.8773020109375 0.37185533125000003 0.87352869375 0.31789439062499997 0.079741446875 0.373755834375
1 0.9308034 0.24267925156249998 0.065533809375 0.31204505312499997 0.06540661875 0.3729577734375 0.9355385390625001 0.3103949015625 0.9308034 0.24267925156249998
1 0.061567578125 0.30985469062500004 0.9240449390625001 0.24387382500000002 0.9284828984375 0.20918570625 0.058453599999999994 0.270252659375 0.061567578125 0.30985469062500004
1 0.05195061875 0.27047881406249996 0.9251266109375 0.20481305625 0.939208246875 0.166260875 0.05271029687499999 0.22902343749999998 0.05195061875 0.27047881406249996
4 0.904781965625 0.0209186171875 0.09804401874999999 0.076976825 0.09094140625 0.1076579 0.9037932484375 0.0504038046875 0.904781965625 0.0209186171875