2 1 0.46699751875000006 0.9967948718749999 0.102729528125 0.9914529921874999 0.012406948437499999 0.98183760625 0.008933003125 0.9508547015625 0.005955334375 0.5491452984375 0.00099255625 0.009615384375 0 0.003205128125 0.0049627796875 0 0.968734490625 0.0085470078125 0.9990074437500001 0.9925213671875 1 1 0.9920595531249999 1 0.46699751875000006
3 0.27519588125 0.1031565234375 0.7316492515624999 0.10457070312500001 0.7346922265625 0.0815901515625 0.2722054578125 0.079612784375 0.27519588125 0.1031565234375
0 0.1930342625 0.3509141296875 0.5947131999999999 0.3509141296875 0.591670165625 0.33571161250000003 0.18850845624999998 0.334090940625 0.1930342625 0.3509141296875
1 0.0796817078125 0.5145669640625 0.9210773281250001 0.520577265625 0.9210773281250001 0.4587065484375 0.078180590625 0.45426117968749996 0.0796817078125 0.5145669640625
1 0.9073837046875 0.5240864671875001 0.0827247421875 0.514540703125 0.08864271562500001 0.554992115625 0.9020584406250001 0.5580269828125 0.9073837046875 0.5240864671875001
1 0.08196396875 0.5566127890625 0.08196396875 0.5997455203125 0.904688478125 0.5965215374999999 0.905101415625 0.5594411625 0.08196396875 0.5566127890625
1 0.08652851875 0.5997455203125 0.0895715234375 0.6552523953125 0.8853218421875001 0.6556059640624999 0.8853218421875001 0.60151325625 0.08652851875 0.5997455203125
1 0.079703221875 0.717803928125 0.9477037718749999 0.7266426015625 0.9477037718749999 0.658761596875 0.075327284375 0.657048459375 0.079703221875 0.717803928125
1 0.9408784453125 0.725922384375 0.07589944374999999 0.720265625 0.0755555484375 0.7599884078125 0.9477253156250001 0.760216428125 0.9408784453125 0.725922384375
1 0.9446822234375001 0.76481255 0.0690526328125 0.760216428125 0.0727022421875 0.8015178296875 0.9614188218749999 0.8022885343749999 0.9446822234375001 0.76481255
4 0.12853176875 0.95003174375 0.9372149656250001 0.9496782015624999 0.9341718734375 0.9203338078125001 0.11930625312500001 0.9199208593750001 0.12853176875 0.95003174375