2 0.5031154296875 0 0.424806021875 0.0042484953125 0.0239068796875 0.0302283171875 0 0.0337968109375 0 0.5130929703125 0.0255177171875 1 0.5040269687500001 1 1 0.9735054562500001 1 0.514132453125 0.9713406609374999 0 0.5031154296875 0
3 0.24797304531250003 0.1172362109375 0.70372685 0.09193504531249999 0.705480990625 0.068267065625 0.24373153125 0.094446409375 0.24797304531250003 0.1172362109375
0 0.39761405 0.356075353125 0.7987425 0.3350531015625 0.802381646875 0.31801610468749997 0.399857275 0.340734409375 0.39761405 0.356075353125
1 0.080576675 0.54258655 0.9205046359375 0.492549240625 0.9188475359374999 0.432247540625 0.0773386109375 0.480800625 0.080576675 0.54258655
1 0.9174643984375 0.4926822765625 0.09443518906250001 0.5453742734375 0.1015294640625 0.578989571875 0.9136715984375 0.5333879734375 0.9174643984375 0.4926822765625
1 0.9226834046875 0.5777305078125 0.9204260124999999 0.5346568875 0.098564671875 0.5805610703124999 0.10091767968750001 0.6175690171875 0.9226834046875 0.5777305078125
1 0.91799128125 0.6335594609374999 0.9181251093749999 0.577969396875 0.12051902187500001 0.6215403234375 0.123350015625 0.6755588984374999 0.91799128125 0.6335594609374999
1 0.0647713484375 0.749763 0.9311197531250001 0.6955088015625 0.9323099984375001 0.6346075765625 0.061218731250000005 0.6819750250000001 0.0647713484375 0.749763
1 0.935047153125 0.69776805 0.0715496265625 0.7486865609375 0.0665069515625 0.78329194375 0.9374695078125 0.737418396875 0.935047153125 0.69776805
1 0.94397544375 0.73730576875 0.069786415625 0.787722503125 0.055034095312499996 0.826023053125 0.9424923843749999 0.7787415734375001 0.94397544375 0.73730576875
4 0.0869185609375 0.9719439968750001 0.8945119890625 0.9299738453125 0.9021489796875001 0.8994214015625 0.088421715625 0.9424805546874999 0.0869185609375 0.9719439968750001