2 0.4732110484375 0 0 0.05858760625 0 0.5189401453125 0.0606913234375 1 0.5237428453125 1 0.6095926859375 0.9892986125000001 1 0.9364593203125 1 0.469418684375 0.9423626328125 0 0.4732110484375 0
3 0.77811328125 0.8642508843750001 0.325234590625 0.9212821953124999 0.3251357171875 0.945014884375 0.7839342 0.886689296875 0.77811328125 0.8642508843750001
0 0.61217621875 0.636431971875 0.2134913359375 0.6853843203125 0.2110494953125 0.70263366875 0.6110085875 0.6518920234375 0.61217621875 0.636431971875
1 0.91543094375 0.428259696875 0.0810394296875 0.5367655296875 0.086898928125 0.5968047453125 0.9229710875 0.4896692390625 0.91543094375 0.428259696875
1 0.08406298281249999 0.5364207421875 0.9014117265625 0.426445484375 0.8919898484375001 0.39340694374999996 0.0850070578125 0.49554962968750005 0.08406298281249999 0.5364207421875
1 0.072924025 0.45194374374999996 0.0781805828125 0.49475497031250004 0.8948377953125 0.391632459375 0.889908975 0.3548788 0.072924025 0.45194374374999996
1 0.0737102875 0.39592348125 0.0774545515625 0.451387465625 0.8700783578125 0.3522844875 0.863486115625 0.2985949796875 0.0737102875 0.39592348125
1 0.9167458703125 0.22048539374999998 0.056292428125 0.3350408421875 0.059353337500000006 0.395876740625 0.925018484375 0.2878604234375 0.9167458703125 0.22048539374999998
1 0.052216998437499995 0.3330610578125 0.9100591921875001 0.22203204062499998 0.912675634375 0.1871591953125 0.0470346765625 0.29367627343749997 0.052216998437499995 0.3330610578125
1 0.04055244375 0.29424245781249997 0.9090950984375 0.1829681921875 0.9211397703124999 0.1437318703125 0.039141474999999995 0.2528041359375 0.04055244375 0.29424245781249997
4 0.8791540437500001 0.00039053125 0.07645556406250001 0.0985933140625 0.0709684078125 0.1296040640625 0.8797098171875 0.02988705625 0.8791540437500001 0.00039053125