2 0.0466666671875 0 0.038666667187499996 0.02 0.0013333328125 0.362 0 1 1 1 1 0.322 0.9666666671874999 0 0.0466666671875 0
3 0.288962965625 0.0746132265625 0.61178399375 0.0746132265625 0.6206752703125 0.0515194609375 0.2943152296875 0.0514324875 0.288962965625 0.0746132265625
0 0.43806251406249996 0.29315795625 0.8963042375000001 0.29007877656250003 0.8956202531249999 0.2659586171875 0.4430974859375 0.26755154062500003 0.43806251406249996 0.29315795625
1 0.0365880890625 0.397792484375 0.907247259375 0.39266053749999996 0.9045115296875 0.3680271921875 0.0395042390625 0.3746491125 0.0365880890625 0.397792484375
1 0.03248444375 0.43320293281250005 0.9031436656249999 0.4270445921875 0.9051954109375 0.4044640140625 0.03795598125 0.4111355609375 0.03248444375 0.43320293281250005
1 0.0263289484375 0.4675869875 0.9024596812500001 0.4604022921875 0.9051954109375 0.43833488125000003 0.034373815625 0.44390981875 0.0263289484375 0.4675869875
1 0.0318004859375 0.502997415625 0.9031436656249999 0.49837867343750003 0.9086151234375001 0.4763112828125 0.0318086046875 0.4804640796875 0.0318004859375 0.502997415625
1 0.034536267187500004 0.5368682640625 0.9092991078124999 0.534302290625 0.9092991078124999 0.5076161765625 0.040359309375 0.5118879187500001 0.034536267187500004 0.5368682640625
1 0.7704587015625 0.5440148687499999 0.034536267187500004 0.550173209375 0.037794096875 0.572170384375 0.7348936953125 0.5732670140625 0.7383134109375 0.5999531078125 0.9147706718749999 0.5999531078125 0.9092991078124999 0.5732670140625 0.7738784140625 0.5707010015625 0.7704587015625 0.5440148687499999
1 0.03248444375 0.6471670125 0.9175064015625001 0.6451142640625 0.9140866859375001 0.6138093703124999 0.035228885937499996 0.6132137656250001 0.03248444375 0.6471670125
1 0.03248444375 0.6810378984375001 0.9147706718749999 0.6810378984375001 0.92366195 0.6517857734375 0.035228885937499996 0.65361584375 0.03248444375 0.6810378984375001
1 0.9181903859375 0.6851053046875 0.0235931671875 0.6922900390625 0.0263289484375 0.7215421453124999 0.926397678125 0.7174365703125 0.9181903859375 0.6851053046875
4 0.9298173921874999 0.8410783953125 0.016753739062500002 0.840565190625 0.01983761875 0.8671696859375 0.93323710625 0.8698172953125001 0.9298173921874999 0.8410783953125