2 0.4650365953125 0 0 0.06535663124999999 0 0.528082596875 0.0253922109375 0.7060579796875001 0.09993390156250001 1 0.534963409375 1 1 0.93464336875 1 0.465036590625 0.93464336875 0 0.4650365953125 0
3 0.669898515625 0.9056896140624999 0.35021915937500003 0.9506176171874999 0.358745471875 0.972827871875 0.68191729375 0.92732120625 0.669898515625 0.9056896140624999
0 0.92166281875 0.6527233953125 0.46745213437500005 0.713449103125 0.4760018296875 0.7381055859375001 0.92434236875 0.6767040109375 0.92166281875 0.6527233953125
1 0.9182227234375 0.549616978125 0.05532251875000001 0.6657073125 0.0614312234375 0.6882196046875 0.918941915625 0.5743913328125 0.9182227234375 0.549616978125
1 0.9093737296875 0.51613865625 0.046330628125 0.6312125921875 0.0548201015625 0.652303715625 0.9145481171875 0.538213934375 0.9093737296875 0.51613865625
1 0.9040539078125001 0.48320078437499997 0.035449701562500005 0.598019840625 0.0467115015625 0.6203469546875 0.9098342031250001 0.5046726968749999 0.9040539078125001 0.48320078437499997
1 0.89944594375 0.44549879375 0.0359398125 0.5621925328125 0.0390838859375 0.584505446875 0.907935340625 0.466589946875 0.89944594375 0.44549879375
1 0.90054188125 0.40906811093749995 0.0339350578125 0.5282705671875 0.043178021875 0.55219739375 0.9042558703125 0.43549451718750004 0.90054188125 0.40906811093749995
1 0.0320833671875 0.5150951046875 0.7617009296874999 0.4187729046875 0.7613733703125 0.391870546875 0.8951190390624999 0.3704825890625 0.89682336875 0.34329470781250004 0.7220833765625 0.3678528125 0.722410928125 0.39475513125 0.0322480765625 0.4928586015625 0.0320833671875 0.5150951046875
1 0.8932472562499999 0.2981923171875 0.0165525828125 0.419330796875 0.023995695312500002 0.45257165937500005 0.8942176203125 0.3296684859375 0.8932472562499999 0.2981923171875
1 0.8855385468750001 0.2629990296875 0.0118386671875 0.3857895390625 0.0183728125 0.41256277187499996 0.8984144046875 0.29072904843749997 0.8855385468750001 0.2629990296875
1 0.001467925 0.37588433125 0.88835890625 0.25849527499999997 0.8919866828125 0.22533642031249998 0.00010597499999999999 0.34653615625 0.001467925 0.37588433125
4 0 0.226343428125 0.8781655015625001 0.10242193749999999 0.877552253125 0.0734867890625 0 0.1994137171875 0 0.226343428125