2 0.0255711125 0 0 0.5082466765625 0 0.703959971875 0.01417765 0.9551978562500001 0.021119967187499998 0.9755891343749999 0.48690703125 1 0.9435807687500001 1 0.9899989671875 0.7039240359375001 1 0.5130929609375 1 0.0255177171875 0.5130929578125001 0 0.0255711125 0
3 0.5893677734375 0.9306541171875 0.2669891609375 0.9137589703125 0.27112090312500003 0.9371880578124999 0.59703823125 0.9541815671875 0.5893677734375 0.9306541171875
0 0.8847746890625 0.7303744953125 0.4273221203125 0.7033170156249999 0.43101005625 0.7291518499999999 0.8828292890625 0.7544258015625 0.8847746890625 0.7303744953125
1 0.901071428125 0.6285060328125 0.0318740515625 0.5778143390625 0.0335749734375 0.6010786125 0.8970502375 0.652962440625 0.901071428125 0.6285060328125
1 0.8987729796874999 0.593954334375 0.02962926875 0.54223765 0.033938390624999995 0.5645611374999999 0.8996401374999999 0.616611346875 0.8987729796874999 0.593954334375
1 0.8998357406249999 0.560606553125 0.025281732812500003 0.5075785640625 0.03207640625 0.5316443203125 0.9014128015624999 0.5827868984375 0.8998357406249999 0.560606553125
1 0.9025063171875001 0.5227180140625001 0.032599009375 0.47250302343749995 0.0314278140625 0.49500590312500004 0.9068153593750001 0.545041515625 0.9025063171875001 0.5227180140625001
1 0.9105334203125001 0.48716577968749997 0.0371037046875 0.4388217734375 0.041611396875 0.4640726375 0.9091367781249999 0.513815321875 0.9105334203125001 0.48716577968749997
1 0.03780003125 0.42553506093750004 0.7723916078124999 0.4702001671875 0.777203278125 0.44372957968750004 0.9125726765625 0.44825445625000004 0.919433384375 0.42189129375 0.7432179515625 0.412656234375 0.73840628125 0.43912678125 0.042204640625 0.40373853437499996 0.03780003125 0.42553506093750004
1 0.9245289171875 0.37693520625 0.040827284375 0.3285668015625 0.0417909890625 0.3626171484375 0.9194755171875 0.4080182234375 0.9245289171875 0.37693520625
1 0.923677034375 0.34091762812500004 0.0425999484375 0.294742334375 0.0439054703125 0.322270440625 0.9310251890625001 0.370594996875 0.923677034375 0.34091762812500004
1 0.03430975 0.28304028125 0.927304934375 0.33703476875 0.937193065625 0.3051773484375 0.03857271875 0.25397144374999997 0.03430975 0.28304028125
4 0.035239815625 0.1346103875 0.9470790062500001 0.18188394531250002 0.9519981109375 0.1533634046875 0.039711840625 0.10820375 0.035239815625 0.1346103875