2 0.0418344125 0 0 0.47816952187500006 0 0.9581655874999999 0.47816952500000004 1 0.9213926109375 1 0.984741596875 0.6809365328125 1 0.5106321781250001 1 0.0418344125 0.5218304734375 0 0.0418344125 0
3 0.6731590749999999 0.9421611375 0.35156647812499997 0.91402543125 0.34069628125 0.9362563921874999 0.6658068421875 0.9647871859375 0.6731590749999999 0.9421611375
0 0.5436743234375 0.7114531546875 0.0869079796875 0.6745822203125 0.0854871515625 0.6986702078125 0.5364267640625 0.736523303125 0.5436743234375 0.7114531546875
1 0.9527405171875 0.64220759375 0.0849471890625 0.571437065625 0.0855255703125 0.596215109375 0.9478183859374999 0.6650087390625 0.9527405171875 0.64220759375
1 0.9599147703125 0.60728955 0.092031934375 0.5375415046875001 0.0880199703125 0.5598573359375 0.95254075625 0.6287960734375 0.9599147703125 0.60728955
1 0.969043609375 0.5735728234375 0.09562063125 0.5043703546875 0.0909720109375 0.5261153578125 0.9589657546874999 0.5964587375 0.969043609375 0.5735728234375
1 0.966679115625 0.5378202671875 0.098249109375 0.466478871875 0.0908751734375 0.48798542031250003 0.96470711875 0.5602671484374999 0.966679115625 0.5378202671875
1 0.966905784375 0.50383986875 0.095248040625 0.43015547187500003 0.0929221921875 0.45674003750000003 0.95892771875 0.52821764375 0.966905784375 0.50383986875
1 0.23440662343750002 0.4325805921875 0.9680653859374999 0.49058555156250006 0.9667371328125001 0.46838814375000004 0.27238578750000003 0.40653945468749997 0.27130493125 0.3796568609375 0.09551914375000001 0.3642775984375 0.098644040625 0.391339021875 0.233325775 0.40569796093750005 0.23440662343750002 0.4325805921875
1 0.97856296875 0.39413966718750004 0.096729878125 0.319049859375 0.0974081796875 0.3505336765625 0.9728697500000001 0.42772451875 0.97856296875 0.39413966718750004
1 0.9815150109375 0.3603976703125 0.1025861484375 0.283501359375 0.0911792140625 0.3118672453125 0.976391021875 0.3874761828125 0.9815150109375 0.3603976703125
1 0.09953394531250001 0.27915138281249996 0.9913531421874999 0.3499632734375 0.9911772609374999 0.32058404218750003 0.0941757390625 0.246227834375 0.09953394531250001 0.27915138281249996
4 1 0.17514191875000001 0.1006431921875 0.09383086874999999 0.10154513437499998 0.12275845625 1 0.20187195624999998 1 0.17514191875000001