2 0.0086694515625 0 0 0.5642468734375 0 0.6401918640625001 0.030359775 0.9718755171875 0.038009509375 0.9920120906250001 0.4956365265625 1 0.9588472171875001 1 0.99681731875 0.6866990921875 1 0.504363425 1 0.008651368750000001 0.5043634390625 0 0.0086694515625 0
3 0.6043429453125 0.927272884375 0.281571084375 0.92163888125 0.28651797343749996 0.9449095 0.6128298265625001 0.9505183078125 0.6043429453125 0.927272884375
0 0.8925802484375 0.7168057140624999 0.43446205625 0.7057295828125 0.43904936718750004 0.7314199703125001 0.8914754125 0.7409102625 0.8925802484375 0.7168057140624999
1 0.9053119015625001 0.614430559375 0.0348749015625 0.5941042953125 0.0373867 0.6172950375 0.902146678125 0.6390124078125 0.9053119015625001 0.614430559375
1 0.9018090171875001 0.5799801234374999 0.0313898796875 0.558627621875 0.0364754546875 0.580787125 0.903466365625 0.6025930703125 0.9018090171875001 0.5799801234374999
1 0.901707309375 0.5466155671874999 0.025835406249999998 0.5241413765625 0.0334658234375 0.547955340625 0.9040574937500001 0.5687273625 0.901707309375 0.5466155671874999
1 0.9030539687499999 0.5086569062499999 0.031924107812500005 0.4888318328125 0.0315389640625 0.511361878125 0.9081394640625 0.5308164265624999 0.9030539687499999 0.5086569062499999
1 0.9098354265624999 0.47284618749999996 0.0352506 0.4550138890625 0.0406367875 0.48009205625 0.9093696906250001 0.4995282375 0.9098354265624999 0.47284618749999996
1 0.035482803125000004 0.4417109703125 0.771185675 0.460711990625 0.775070603125 0.43408960468749996 0.9105154546875 0.4338874 0.916451921875 0.40730086249999997 0.7400215375 0.40422125781249996 0.73613660625 0.43084360468750005 0.039124040625 0.41977400156250005 0.035482803125000004 0.4417109703125
1 0.9199754062500001 0.3621943296875 0.035124067187500004 0.3446961296875 0.037275525 0.378692103125 0.916009865625 0.393434771875 0.9199754062500001 0.3621943296875
1 0.9178670468749999 0.3262284203125 0.035715195312499996 0.310830403125 0.0379806390625 0.338296178125 0.9262464515625 0.3556312640625 0.9178670468749999 0.3262284203125
1 0.02702165 0.2994248015625 0.9213572265625001 0.322221315625 0.9301275265625 0.2900382125 0.030267534375 0.270224896875 0.02702165 0.2994248015625
4 0.022771021875 0.15105286874999999 0.9357045671875 0.1664749 0.9396253234374999 0.137800059375 0.02631874375 0.124506246875 0.022771021875 0.15105286874999999