2 0.873151575 0.7244028874999999 0.8686135343749999 0.6151821734375 0.8935045734375 0.5017494 0.8908655859374999 0.3382440328125 0.9618110609375 0.039966765625 0.9555620656249999 0.0124387828125 0.075325940625 0.029504484375 0.0976316875 0.1609315984375 0.1544174734375 0.452415609375 0.2002591640625 0.9197848078125 0.22178754375 0.9684913265624999 0.8183558890624999 0.9461255734374999 0.8596692953125 0.829228578125 0.873151575 0.7244028874999999
3 0.6513623187500001 0.89005658125 0.40754040468749997 0.9117516968749999 0.40820187812500003 0.9243733578125 0.6508279359375 0.9042855718749999 0.6513623187500001 0.89005658125
0 0.4697331734375 0.782668365625 0.2331682484375 0.8001493765625 0.234325784375 0.8150558203125 0.47185655156250006 0.7988241734375 0.4697331734375 0.782668365625
1 0.819684646875 0.69071314375 0.22776297968749998 0.74362486875 0.22976952968750003 0.7819121171875001 0.8216892124999999 0.7270279296875 0.819684646875 0.69071314375
1 0.22248625 0.7200153593749999 0.8222182203124999 0.6619794765625 0.8188369874999999 0.6404834703125 0.219534203125 0.6979428875 0.22248625 0.7200153593749999
1 0.2273695359375 0.7446808359375 0.8230907125 0.68719191875 0.8201566937500001 0.66566496875 0.22233785 0.7257483234375 0.2273695359375 0.7446808359375
1 0.219774953125 0.6935521890625 0.8179876531250001 0.6359326859375 0.8141817421875001 0.6158976234375 0.21632247656249998 0.67049558125 0.219774953125 0.6935521890625
1 0.22016270625 0.6655794859374999 0.8211583234375001 0.6094980265625 0.8195759375 0.5916267984375 0.21663982656249997 0.6411794984375 0.22016270625 0.6655794859374999
1 0.21738267968749997 0.63711176875 0.8212564984374999 0.5876149796875 0.8194626109375 0.568907140625 0.21443063125 0.6150392703125 0.21738267968749997 0.63711176875
1 0.2122091 0.6107776406250001 0.8234517562500001 0.5639256421875001 0.8211280015625 0.54693595625 0.2110474125 0.588611340625 0.2122091 0.6107776406250001
4 0.5969699421875 0.45122562187500004 0.20369075312499998 0.47486749375 0.20484491718750003 0.505453578125 0.5976773046875 0.48121115000000003 0.5969699421875 0.45122562187500004