2 0.127613909375 0 0.135278203125 0.12073010937499999 0.1612845328125 0.41655307031250005 0.158021715625 0.8861537343749999 0.17434094218750001 0.9368437625 0.76997908125 0.976958903125 0.8232852328125 0.865020709375 0.8476509218749999 0.7621785453125 0.8545544156249999 0.6530818 0.891166053125 0.5428722453125 0.9056324859375 0.379986728125 1 0.1117054359375 1 0.0623841203125 0.2707218171875 0 0.127613909375 0
3 0.609761125 0.90374148125 0.3650071359375 0.8998314187500001 0.3643456625 0.9124530796875 0.6077423343749999 0.9178366656250001 0.609761125 0.90374148125
0 0.4403520890625 0.777956134375 0.203255828125 0.7706136140625001 0.202848875 0.7855593937500001 0.44077509218750005 0.7942453921875 0.4403520890625 0.777956134375
1 0.797998428125 0.7230845421875001 0.20378859062500002 0.7138337484374999 0.201782040625 0.7521209984375 0.796196084375 0.759409925 0.797998428125 0.7230845421875001
1 0.20100863281249998 0.68980200625 0.803521609375 0.6947731109374999 0.8024058437500001 0.673041428125 0.20037995937500003 0.667541878125 0.20100863281249998 0.68980200625
1 0.20328692187500003 0.7148428046874999 0.801753903125 0.7199386375 0.8010861374999999 0.6982229265625 0.20026178749999998 0.695488053125 0.20328692187500003 0.7148428046874999
1 0.20107834218749998 0.663200396875 0.8020368484375 0.6684267937499999 0.800346021875 0.648103659375 0.20005484999999998 0.6399092140625 0.20107834218749998 0.663200396875
1 0.204387915625 0.6354214625 0.8079533234375 0.6424683703125 0.808247659375 0.6245296390624999 0.20343482812499997 0.6107868984375 0.204387915625 0.6354214625
1 0.20459880468749997 0.6068191015625 0.8103383624999999 0.6207154625 0.8105098046875 0.6019225968749999 0.2039701328125 0.584558946875 0.20459880468749997 0.6068191015625
1 0.20220623125 0.5800884500000001 0.8149978046875 0.597385365625 0.8144626859375 0.580245853125 0.20336791875000002 0.5579221484375 0.20220623125 0.5800884500000001
4 0.601537040625 0.46162893125000004 0.20794102812499998 0.44403242187499997 0.20589175312500002 0.474571596875 0.5991061875 0.4915241359375 0.601537040625 0.46162893125000004