2 0.64763705625 0 0.109011759375 0.1159339953125 0.088624946875 0.23822906093750001 0.093550284375 0.3438033875 0.1169853578125 0.4505767703125 0.112169865625 0.5666085296875 0.14316116875 0.727171628125 0.1270513734375 1 0.43778385625 1 0.99992299375 0.8896037546875 0.9551340421875001 0.764046665625 0.8485952953125 0.48685170156249996 0.72229223125 0.0345432171875 0.6991277953125 0 0.64763705625 0
3 0.5167118421875 0.06613325 0.2812600265625 0.1280474296875 0.28320460000000003 0.1421530453125 0.5195549953125 0.078448296875 0.5167118421875 0.06613325
0 0.7069291578125 0.14359674218750001 0.4758256140625 0.20082857812500002 0.48072215781249994 0.21637022187500002 0.710657584375 0.1580757203125 0.7069291578125 0.14359674218750001
1 0.7171715359374999 0.1754457328125 0.1437749828125 0.33228188125 0.1520550921875 0.3676968734375 0.7257961125 0.21280287812499998 0.7171715359374999 0.1754457328125
1 0.1616121640625 0.4170162515625 0.74183246875 0.256361934375 0.735092425 0.2351374109375 0.1545495578125 0.3964339625 0.1616121640625 0.4170162515625
1 0.1559397859375 0.39244648125000003 0.7342430531249999 0.2294657734375 0.7260002140624999 0.2116946328125 0.1493122265625 0.371756059375 0.1559397859375 0.39244648125000003
1 0.170465971875 0.4404202078125 0.749761578125 0.28283454375 0.7423578140625 0.26072773437499996 0.1632388296875 0.4213504140625 0.170465971875 0.4404202078125
1 0.1693683125 0.4652589984375 0.7545397328125001 0.3117603578125 0.7468333609375 0.288342803125 0.1647066609375 0.447934053125 0.1693683125 0.4652589984375
1 0.17342514375 0.4876138140625 0.7612545671875 0.33711983437500004 0.75451451875 0.315895284375 0.168409928125 0.4695016953125 0.17342514375 0.4876138140625
1 0.1756003109375 0.5095403984375 0.76917555 0.362558775 0.7641823750000001 0.3409309546875 0.17036163124999998 0.49321234062499997 0.1756003109375 0.5095403984375
4 0.7897240109375 0.44337613124999997 0.4070692828125 0.5354648906249999 0.41297283125 0.5648720390624999 0.7961718578125 0.4732971265625 0.7897240109375 0.44337613124999997