2 1 0.8139036000000001 0.911357590625 0.598619634375 0.8883862125 0.4367144609375 0.8460568296875 0.3285720484375 0.8334531140625 0.2199861171875 0.8037384734374999 0.1185600984375 0.744646984375 0.0095651390625 0.1519246109375 0.0807985953125 0.138280659375 0.1322732375 0.16611600625 0.601059565625 0.15562749375 0.897838178125 0.1544997953125 1 0.3788533953125 1 1 0.9139269156250001 1 0.8139036000000001
3 0.3442665796875 0.1077815171875 0.5884805046875 0.0910673796875 0.5857267968750001 0.07709716562499999 0.3429454453125 0.09521177187499999 0.3442665796875 0.1077815171875
0 0.189499684375 0.24528764218750002 0.425886734375 0.225546525 0.42545664375000003 0.209257453125 0.18831108593749998 0.23038364374999998 0.189499684375 0.24528764218750002
1 0.19300334375 0.301961809375 0.7859146890625001 0.26162515468750003 0.7822136921875 0.22544388125 0.18899574375 0.263832046875 0.19300334375 0.301961809375
1 0.7929120078125 0.289608725 0.1914849203125 0.326106109375 0.1920221140625 0.348368634375 0.79293511875 0.3113690203125 0.7929120078125 0.289608725
1 0.7898296609375001 0.2645702015625 0.192449553125 0.3009803921875 0.1904415140625 0.3204669421875 0.790299321875 0.2862911 0.7898296609375001 0.2645702015625
1 0.7928081406249999 0.3159966421875 0.1929467546875 0.35266761406249997 0.19314363125 0.37598044375 0.7921832609374999 0.336380415625 0.7928081406249999 0.3159966421875
1 0.800075065625 0.3416098453125 0.1977056296875 0.3802352703125 0.198043121875 0.404885953125 0.8013078390624999 0.3595085890625 0.800075065625 0.3416098453125
1 0.8035952953125 0.36320811875 0.19941316250000002 0.40878739375000006 0.19995035781249998 0.43104994531249996 0.8047500453125 0.3819662578125 0.8035952953125 0.36320811875
1 0.8094693546875 0.3862623875 0.1984228421875 0.43560663125000004 0.20074303124999998 0.45768175468749994 0.80983198125 0.403406415625 0.8094693546875 0.3862623875
4 0.2112704015625 0.5711760609375001 0.603406075 0.53300444375 0.5994139578125 0.50327743125 0.2076256375 0.5407859921875 0.2112704015625 0.5711760609375001