2 0.8023501171874999 0.0467112390625 0.205428815625 0.037824365625 0.1580541109375 0.15239898125 0.13910415625 0.25637540468750003 0.13791980625 0.3656839375 0.1071262671875 0.477658559375 0.101204428125 0.6410779625 0.01474555625 0.9352334515624999 0.019545284375 0.9630507546875 0.899468225 0.9920764406249999 0.8840714109375 0.8596620500000001 0.8426185437499999 0.5656055703125 0.821299890625 0.096477715625 0.8023501171874999 0.0467112390625
3 0.3692591015625 0.10255628593749999 0.6138823015625 0.09365155625 0.6138823015625 0.0810125734375 0.370537440625 0.08837476250000001 0.3692591015625 0.10255628593749999
0 0.545019065625 0.2193030640625 0.782174671875 0.21422686249999998 0.781798865625 0.1992802671875 0.543744128125 0.20305826875 0.545019065625 0.2193030640625
1 0.190734625 0.2928172203125 0.7846142687500001 0.2709567953125 0.7846142687500001 0.23261700312500003 0.190633375 0.2564472921875 0.190734625 0.2928172203125
1 0.788648140625 0.2948101109375 0.18670071875 0.3213789125 0.1889523046875 0.34302241875 0.7904409578125 0.31700683125 0.788648140625 0.2948101109375
1 0.7850624390625 0.26992286718749997 0.187148940625 0.29615535937500004 0.1889523046875 0.3178063625 0.789096378125 0.2890927703125 0.7850624390625 0.26992286718749997
1 0.789970746875 0.3213789125 0.1895623046875 0.3476114171875 0.1923144453125 0.36781820781249996 0.7922118031250001 0.34458461093750004 0.789970746875 0.3213789125
1 0.788119546875 0.34929298750000004 0.18501249687500002 0.373843909375 0.18565740625 0.3917734609375 0.7903606015625 0.373843909375 0.788119546875 0.34929298750000004
1 0.789405878125 0.3778671859375 0.1837691859375 0.39569182812500003 0.18458152187500002 0.4144679125 0.7911986953125 0.40006393281249997 0.789405878125 0.3778671859375
1 0.793194146875 0.4044359875 0.1803371328125 0.419233809375 0.18176853125 0.4363218265625 0.793194146875 0.4266327078125 0.793194146875 0.4044359875
4 0.40061029843749996 0.5436325203125 0.79458783125 0.540605690625 0.7950360015625 0.51000111875 0.40147322656249995 0.513651065625 0.40061029843749996 0.5436325203125