2 0.44303219687500006 0 0.0699566359375 0.08613127968749999 0.2281507171875 1 0.5569678031249999 1 0.9381161234375 0.9120049765625 0.630970696875 0 0.44303219687500006 0
3 0.47758590625 0 0.39712101093749996 0.035305296874999996 0.2336609171875 0.076088028125 0.2407355546875 0.1067316515625 0.403752759375 0.0745771671875 0.5255724234375 0.013820253125000001 0.5212378234374999 0 0.47758590625 0
0 0.460604940625 0.9430785140625 0.749426878125 0.8678727234375 0.7382949375 0.8330358546875001 0.45299637031250006 0.9101221734375 0.460604940625 0.9430785140625
1 0.22827062812499999 0.5510657234375 0.23819702031249998 0.615154871875 0.5456912671875 0.5417282718750001 0.766160209375 0.45598478125 0.7437621234375 0.3924702109375 0.5150054749999999 0.4879127625 0.22827062812499999 0.5510657234375
1 0.2206620484375 0.5181093375 0.22706927187499998 0.5458620765625 0.53923229375 0.47683855937499997 0.74303330625 0.39207101718750004 0.7330865171875 0.362048896875 0.5293120921875001 0.44441585625 0.2206620484375 0.5181093375
1 0.216476990625 0.4867986484375 0.22248375468749998 0.5128168046875 0.53095629375 0.4409912703125 0.7310251984375 0.3598362796875 0.7233437312500001 0.3277582671875 0.6112346328125 0.38530863437499996 0.216476990625 0.4867986484375
1 0.2096693109375 0.45731134687499997 0.21554259375 0.482751328125 0.526460290625 0.410970321875 0.7223513328125 0.3222656390625 0.7158686421875 0.2953801 0.522231253125 0.3821057421875 0.2096693109375 0.45731134687499997
1 0.5464581265625 0.37103157656249997 0.7209363953125 0.293601125 0.710451946875 0.2641310421875 0.5355610515625 0.3449243671875 0.2043724421875 0.4238212859375 0.2113135984375 0.4538867390625 0.5464581265625 0.37103157656249997
1 0.198681534375 0.3965348578125 0.20508874375000002 0.4242875296875 0.540899196875 0.3364065921875 0.7056164593750001 0.2629643359375 0.693233065625 0.2342476734375 0.5372480656249999 0.3074085921875 0.198681534375 0.3965348578125
1 0.5967700640625 0.277832871875 0.69545521875 0.23068965624999999 0.6872697546875 0.2032741328125 0.5863630093750001 0.256484590625 0.1944525265625 0.3676702 0.1967688359375 0.39088645 0.5967700640625 0.277832871875
1 0.2407217796875 0.6181807921875 0.24303959531250002 0.649313578125 0.526840903125 0.5892738828125 0.77672329375 0.48855312656249994 0.7693278 0.45838449531250003 0.5162532468750001 0.553960303125 0.2407217796875 0.6181807921875
4 0.28592504218750003 0.84825406875 0.8458310656249999 0.7001105765625 0.8335945421875 0.6359990734375 0.270665490625 0.7927040984375 0.28592504218750003 0.84825406875