2 0.27235879218750003 0 0.1571184171875 0.9940911437500001 0.49563654531249995 1 0.87243110625 1 0.8345977390625 0.0057642609375 0.5043634375 0 0.27235879218750003 0
3 0.3767243203125 0 0.3739039421875 0.0297612515625 0.505693628125 0.06386275 0.6718338078125 0.0614214 0.6723826796875 0.029976512500000004 0.504015375 0.024070246875 0.3876849109375 0 0.3767243203125 0
0 0.6312456828124999 0.8913874156249999 0.3361544265625 0.8753025265625001 0.3325087375 0.9116925859375 0.6306553859374999 0.9252054921875 0.6312456828124999 0.8913874156249999
1 0.7800239999999999 0.5582065609375 0.77640859375 0.4934541015625 0.48280935312500006 0.4912967109375 0.2392079640625 0.445500990625 0.23050475 0.5122844375 0.4639829921875 0.5503161578125 0.7800239999999999 0.5582065609375
1 0.7765017984375 0.488114390625 0.776998890625 0.45963597968750003 0.459771853125 0.45172482968749994 0.2433253359375 0.413524871875 0.23983785625 0.4449589890625 0.4568094921875 0.48550154531249995 0.7765017984375 0.488114390625
1 0.7741166125000001 0.4548378546875 0.7745826359375 0.42813938125 0.367350434375 0.4109418953125 0.2457257953125 0.377957934375 0.24488158124999998 0.4109320328125 0.4574515703125 0.44871692812499997 0.7741166125000001 0.4548378546875
1 0.7746551296875 0.4239862328125 0.7751107968750001 0.39788105156250003 0.453742959375 0.3893041515625 0.2463057359375 0.34473315000000004 0.24555452656250001 0.372379003125 0.4556076203125 0.41841723750000004 0.7746551296875 0.4239862328125
1 0.24097885625 0.3440466953125 0.42774305156250003 0.38350903281250004 0.772790425 0.3948731453125 0.7733289421875 0.3640215484375 0.4329740046875 0.3557067 0.24510701875000002 0.313040765625 0.24097885625 0.3440466953125
1 0.7727252296875 0.36462653125 0.773222321875 0.3361481875 0.42352388906250005 0.319361484375 0.255736525 0.2802304125 0.2495942671875 0.3108942 0.42598156718749997 0.348484921875 0.7727252296875 0.36462653125
1 0.252823178125 0.2772121578125 0.3591534515625 0.3028073828125 0.773918853125 0.3302255390625 0.771357615625 0.30703503125 0.364894528125 0.279761865625 0.2551297625 0.24869387656250003 0.252823178125 0.2772121578125
1 0.7823892421875 0.592625646875 0.7781835375 0.5616912859375 0.495320903125 0.55616038125 0.227905309375 0.5152902921875 0.2269438359375 0.5463372765625001 0.49230671875 0.592903571875 0.7823892421875 0.592625646875
4 0.7851796046875 0.7386264859375 0.201971096875 0.7023853734375 0.2033315 0.767640003125 0.7818029984375 0.7961351953125 0.7851796046875 0.7386264859375