2 0.238834559375 0 0.052660003125 0.94204425 0.465036590625 1 0.7631036515625 1 0.803225284375 0.0377017484375 0.5349634062499999 0 0.238834559375 0
3 0.403267509375 0.0087966890625 0.3988905609375 0.0399403 0.5626033687499999 0.06834164375 0.698105153125 0.055276440625 0.7001149437499999 0.023210534375 0.570485878125 0.029301587499999997 0.403267509375 0.0087966890625
0 0.3044364046875 0.8995315015625 0.6010262578125001 0.9328253734375 0.6031181140624999 0.8963130250000001 0.3091436890625 0.8660374390625 0.3044364046875 0.8995315015625
1 0.228018459375 0.4502948625 0.21431804843750002 0.5136845375 0.527702396875 0.5553309843750001 0.76425560625 0.5542915421875 0.7661067765625 0.4869688265625 0.5183404953124999 0.49409307187499996 0.228018459375 0.4502948625
1 0.23272575 0.4168007546875 0.2287617171875 0.4450063125 0.54492681875 0.492436528125 0.7655694265624999 0.48633496093749995 0.7670422640625 0.45474228749999995 0.547284771875 0.458612246875 0.23272575 0.4168007546875
1 0.240039409375 0.3860699171875 0.236323134375 0.412512590625 0.5500470281250001 0.4560043484375 0.7659107875 0.4519379203125 0.7702352515625 0.4192377234375 0.6449481859375 0.4327893125 0.240039409375 0.3860699171875
1 0.244251196875 0.3561014953125 0.2406175046875 0.3819565609375 0.5566081921875 0.42636615468750005 0.77127715 0.41375427187499997 0.774859953125 0.38633126875 0.5630041859375 0.39790319687500003 0.244251196875 0.3561014953125
1 0.589590546875 0.3962467078125 0.7802286359374999 0.3864865734375 0.7810016937500001 0.355216590625 0.5887732390625 0.367968365625 0.2513079078125 0.3229376015625 0.24701354062499997 0.3534936078125 0.589590546875 0.3962467078125
1 0.25577356875 0.2954240875 0.251809546875 0.323629578125 0.5968093234375 0.3619293578125 0.7769054859375 0.35239449375 0.775635725 0.3211473671875 0.603792653125 0.33354894375 0.25577356875 0.2954240875
1 0.669960215625 0.32726840625000003 0.7789853609375 0.3186220203125 0.7811684171875 0.2900940171875 0.6678949328125 0.303608515625 0.26216961875 0.2669610671875 0.2560121203125 0.28946539531250004 0.669960215625 0.32726840625000003
1 0.21559072031249998 0.5174142703125 0.20659759375000003 0.5473098609375 0.49306524375 0.5929632703125 0.7624456421875 0.5884821828125 0.766352825 0.5576670296875 0.4958360703125 0.556200925 0.21559072031249998 0.5174142703125
4 0.1753407140625 0.7484055781250001 0.7511478968749999 0.8107540875 0.762699625 0.7465156656249999 0.1810020234375 0.6910766796875001 0.1753407140625 0.7484055781250001