2 0.24663323906249998 0 0.045013399999999995 0.934169765625 0.46064914218749997 1 0.7546046640624999 1 0.8112473187499999 0.0430641703125 0.53935085 0 0.24663323906249998 0
3 0.411854921875 0.0071832859375000006 0.406935109375 0.0382457671875 0.5701273109375 0.06949996562500001 0.7058364765625 0.0588015859375 0.7084055890625 0.026775639062500002 0.5786899625 0.0306034265625 0.411854921875 0.0071832859375000006
0 0.2974934046875 0.8960575953125 0.5934570265625 0.934522603125 0.5961857921875 0.8980523234375 0.3027845234375 0.8626507890624999 0.2974934046875 0.8960575953125
1 0.2289273578125 0.4455557 0.21412273124999998 0.508696615625 0.5267325203125 0.5558060296875 0.763267840625 0.55889516875 0.766293671875 0.49161501406249997 0.5184407921874999 0.49441405781250003 0.2289273578125 0.4455557
1 0.23421848281250002 0.412148846875 0.2297628 0.44028092656249995 0.5450519765624999 0.4932217625 0.7657674671875 0.49097186875 0.767791446875 0.45940971093750005 0.5479998859374999 0.4594437828125 0.23421848281250002 0.412148846875
1 0.24206735625000003 0.38155033125000004 0.23789015937500002 0.40792411875 0.5508072359375 0.456884490625 0.7667090875 0.4565860234375 0.7716035906250001 0.4239662796875 0.6460990984375 0.43532924375000004 0.24206735625000003 0.38155033125000004
1 0.2468015234375 0.3516599796875 0.2427171515625 0.377447690625 0.5578846578125 0.42736531875 0.772741028125 0.4185018453125 0.7768018828125001 0.3911455484375 0.564776425 0.39901832187499997 0.2468015234375 0.3516599796875
1 0.591387646875 0.3978260796875 0.7821670375 0.39139452656249996 0.7834857140625 0.36014279843749997 0.5910639875 0.36953778125 0.25443595 0.31862429375 0.24960896093749999 0.34910069843749997 0.591387646875 0.3978260796875
1 0.2593811078125 0.29119290625 0.254925434375 0.31932491875 0.59920424375 0.3636399421875 0.779439384375 0.357249640625 0.7787151531250001 0.32598511406249997 0.6066818171875 0.3353857265625 0.2593811078125 0.29119290625
1 0.6729489109375 0.3302609296875 0.782108353125 0.3235186109375 0.7847889593749999 0.29503305156250004 0.671296865625 0.306568596875 0.26627293124999996 0.2628458484375 0.259723615625 0.285239284375 0.6729489109375 0.3302609296875
1 0.2153301171875 0.5124479921875 0.2058166109375 0.5421820765625001 0.4914438671875 0.5928280828125 0.76086144375 0.5930490140625 0.7653058296874999 0.5623067453124999 0.4948558625 0.5561196953125 0.2153301171875 0.5124479921875
4 0.1710548859375 0.742701659375 0.7456862390625 0.81508989375 0.7583573234375 0.7510628609375 0.177715859375 0.6854802953125 0.1710548859375 0.742701659375