2 0.26406516406249997 0 0.16579371874999999 1 0.8814658453125 1 0.8259211750000001 0 0.26406516406249997 0
3 0.36571634999999997 0.0320335515625 0.49808111562499996 0.0638298078125 0.664153384375 0.05848928437499999 0.664153384375 0.027039606249999997 0.49570864375 0.0240726546875 0.3681888296875 0 0.36571634999999997 0.0320335515625
0 0.33971927343749997 0.9145530093750001 0.6380563453125 0.9228604796875001 0.6380563453125 0.8890372531249999 0.3427293125 0.878104865625 0.33971927343749997 0.9145530093750001
1 0.2307601890625 0.5169859078125 0.464866615625 0.550937078125 0.7809971953125 0.553310603125 0.776252253125 0.488631103125 0.482660078125 0.49159805468749995 0.23829654531250002 0.45006073906250005 0.2307601890625 0.5169859078125
1 0.23891688281249998 0.44950782812499995 0.45656303749999994 0.48625753125 0.776252253125 0.4832905796875 0.776252253125 0.45480782968750005 0.45893546250000006 0.4524342609375 0.2418552296875 0.41801763281250004 0.23891688281249998 0.44950782812499995
1 0.2433659859375 0.415398028125 0.45656303749999994 0.44946731093750003 0.773286675 0.45006073906250005 0.773286675 0.4233581984375 0.365816359375 0.41327051406250004 0.2436345953125 0.38241421875000003 0.2433659859375 0.415398028125
1 0.2433659859375 0.3768391265625 0.454190565625 0.41920441718749996 0.773286675 0.41920441718749996 0.773286675 0.393095259375 0.45181809531250006 0.3901283078125 0.2436345953125 0.34918437343750003 0.2433659859375 0.3768391265625
1 0.43046594843749997 0.3568984421875 0.2418829515625 0.3175177359375 0.23829654531250002 0.348590990625 0.425721009375 0.3847878328125 0.7709141609375 0.3901283078125 0.7709141609375 0.3592720109375 0.43046594843749997 0.3568984421875
1 0.2463320546875 0.315293184375 0.4233485375 0.3497997984375 0.7703211 0.35988743749999996 0.7703211 0.33140475625 0.42038295937500003 0.3207236890625 0.25193821875 0.2845268703125 0.2463320546875 0.315293184375
1 0.3610714203125 0.282153325 0.2507811609375 0.2530057265625 0.248972640625 0.2815599203125 0.3557334171875 0.305295528125 0.7709141609375 0.325470853125 0.7679485828125 0.30232857812499997 0.3610714203125 0.282153325
1 0.22779412031250001 0.55109570625 0.49392928124999996 0.5930236890625 0.7839627734375 0.5876831671875 0.7792178296875 0.5568269171875 0.49630175000000004 0.5562334890625 0.228213603125 0.5200366703125 0.22779412031250001 0.55109570625
4 0.20804764687500002 0.7727768187499999 0.7869283499999999 0.7911719515625 0.7893007765625 0.733613071875 0.20554860000000003 0.7075558703125 0.20804764687500002 0.7727768187499999