2 0.3287878140625 0.8848199187500001 0.3226291015625 0.9985007921875001 0.7857642921875 1 0.8210597500000001 0.0706829515625 0.7919230046875 0.04393793125 0.35465447656250004 0.0411651984375 0.3287878140625 0.8848199187500001
3 0.4100080109375 0.10798649062500001 0.76459563125 0.10798649062500001 0.7667226234375 0.0776465015625 0.4073053609375 0.0775676015625 0.4100080109375 0.10798649062500001
0 0.4743310390625 0.382492384375 0.662975990625 0.3861426578125 0.6660322109375 0.3523488703125 0.4743310390625 0.35247907343749996 0.4743310390625 0.382492384375
1 0.3889272953125 0.4506457765625 0.778649403125 0.4542960515625 0.7768592421875 0.4197573859375 0.3910894640625 0.42063250625000004 0.3889272953125 0.4506457765625
1 0.7743251875 0.4558882640625 0.384603121875 0.45467151093749997 0.384603121875 0.4826568875 0.772128821875 0.48665907031250005 0.7743251875 0.4558882640625
1 0.7716225390625 0.49157976562499994 0.384062559375 0.48792949375 0.381900471875 0.5167260578125 0.772128821875 0.5216304046875 0.7716225390625 0.49157976562499994
1 0.7694604109375 0.526865690625 0.384062559375 0.520376315625 0.3813599078125 0.552011965625 0.7694257234374999 0.5571085703125 0.7694604109375 0.526865690625
1 0.776487275 0.5609348609375 0.3813599078125 0.5556622390625 0.381900471875 0.5808085453125 0.7694257234374999 0.5905594125 0.776487275 0.5609348609375
1 0.766757759375 0.5917442687500001 0.379197821875 0.5852548953125 0.3770356515625 0.6152682281249999 0.7694257234374999 0.623503425 0.766757759375 0.5917442687500001
1 0.7694604109375 0.626984990625 0.381900471875 0.6180621109375 0.379197821875 0.6484810078125001 0.7667226234375 0.6589815906250001 0.7694604109375 0.626984990625
1 0.7672982828125 0.66267649375 0.379197821875 0.6521312671875 0.379197821875 0.682144584375 0.7673983984375 0.690405109375 0.7672982828125 0.66267649375
1 0.77000093125 0.6963401 0.3770356515625 0.6857948578124999 0.3770356515625 0.7158081593750001 0.765371075 0.7299379218750001 0.77000093125 0.6963401
1 0.7624335046875 0.73162599375 0.374333003125 0.7178360875 0.3770356515625 0.7494717515625 0.7673983984375 0.7633887640625 0.7624335046875 0.73162599375
1 0.76459563125 0.7652895843749999 0.374333003125 0.751499678125 0.374333003125 0.7811073859375 0.7633437515625 0.7953191140625 0.76459563125 0.7652895843749999
1 0.7624335046875 0.7993286046875 0.374333003125 0.7851331203125 0.3770356515625 0.8155520171875 0.7626679765625 0.833331434375 0.7624335046875 0.7993286046875
4 0.7694604109375 0.8346145125 0.374873565625 0.819202275 0.37217091562500004 0.8475932453125001 0.765371075 0.8627276296874999 0.7694604109375 0.8346145125