2 0.17894025 0.0706829515625 0.21423570781249998 1 0.6773708984375 0.9985007921875001 0.6712121859375 0.8848199187500001 0.6453455234375001 0.0411651984375 0.20807699531249998 0.04393793125 0.17894025 0.0706829515625
3 0.23540436874999998 0.10798649062500001 0.5899919890625 0.10798649062500001 0.5926946390625 0.0775676015625 0.23327737656249997 0.0776465015625 0.23540436874999998 0.10798649062500001
0 0.337024009375 0.3861426578125 0.5256689609375 0.382492384375 0.5256689609375 0.35247907343749996 0.3339677890625 0.3523488703125 0.337024009375 0.3861426578125
1 0.22135059687499997 0.4542960515625 0.6110727046875 0.4506457765625 0.6089105359375 0.42063250625000004 0.22314075781249998 0.4197573859375 0.22135059687499997 0.4542960515625
1 0.615396878125 0.45467151093749997 0.22567481250000002 0.4558882640625 0.22787117812500002 0.48665907031250005 0.615396878125 0.4826568875 0.615396878125 0.45467151093749997
1 0.615937440625 0.48792949375 0.2283774609375 0.49157976562499994 0.22787117812500002 0.5216304046875 0.618099528125 0.5167260578125 0.615937440625 0.48792949375
1 0.615937440625 0.520376315625 0.2305395890625 0.526865690625 0.23057427656249999 0.5571085703125 0.6186400921875 0.552011965625 0.615937440625 0.520376315625
1 0.6186400921875 0.5556622390625 0.22351272500000002 0.5609348609375 0.23057427656249999 0.5905594125 0.618099528125 0.5808085453125 0.6186400921875 0.5556622390625
1 0.620802178125 0.5852548953125 0.233242240625 0.5917442687500001 0.23057427656249999 0.623503425 0.6229643484375 0.6152682281249999 0.620802178125 0.5852548953125
1 0.618099528125 0.6180621109375 0.2305395890625 0.626984990625 0.23327737656249997 0.6589815906250001 0.620802178125 0.6484810078125001 0.618099528125 0.6180621109375
1 0.620802178125 0.6521312671875 0.23270171718750002 0.66267649375 0.2326016015625 0.690405109375 0.620802178125 0.682144584375 0.620802178125 0.6521312671875
1 0.6229643484375 0.6857948578124999 0.22999906874999998 0.6963401 0.234628925 0.7299379218750001 0.6229643484375 0.7158081593750001 0.6229643484375 0.6857948578124999
1 0.6256669968749999 0.7178360875 0.2375664953125 0.73162599375 0.2326016015625 0.7633887640625 0.6229643484375 0.7494717515625 0.6256669968749999 0.7178360875
1 0.6256669968749999 0.751499678125 0.23540436874999998 0.7652895843749999 0.23665624843750002 0.7953191140625 0.6256669968749999 0.7811073859375 0.6256669968749999 0.751499678125
1 0.6256669968749999 0.7851331203125 0.2375664953125 0.7993286046875 0.23733202343749998 0.833331434375 0.6229643484375 0.8155520171875 0.6256669968749999 0.7851331203125
4 0.625126434375 0.819202275 0.2305395890625 0.8346145125 0.234628925 0.8627276296874999 0.627829084375 0.8475932453125001 0.625126434375 0.819202275