2 0.2883559953125 0 0.11573304531249999 0.8738066328125 0.14032722656250002 0.90478036875 0.5717785015625 0.9759228328124999 0.729303378125 0.1467013390625 0.7531698734375001 0.0353835015625 0.53435396875 0 0.2883559953125 0
3 0.5275596140625 0.901265021875 0.17733755625 0.845795296875 0.17049053125 0.8754290156250001 0.525470428125 0.9317321906249999 0.5275596140625 0.901265021875
0 0.5069706921875 0.6200764125 0.3212193015625 0.5869605078125 0.3129141953125 0.6198601390625 0.5022755765625 0.6497202093750001 0.5069706921875 0.6200764125
1 0.6019845140625 0.566122190625 0.2176315609375 0.5015508859375 0.21399664375 0.5359443671874999 0.5951538546874999 0.595427709375 0.6019845140625 0.566122190625
1 0.222151615625 0.5006547328125001 0.6068852125 0.5628224687500001 0.611263090625 0.5351816390625 0.22913455468750002 0.4706063546875 0.222151615625 0.5006547328125001
1 0.2304043703125 0.46582544062500003 0.6126218156250001 0.530058509375 0.619262059375 0.5019547046875 0.23460527656250002 0.43606557500000004 0.2304043703125 0.46582544062500003
1 0.2380598140625 0.43131217499999996 0.617697615625 0.4980111625 0.6253159 0.4671877875 0.242825103125 0.40144706250000006 0.2380598140625 0.43131217499999996
1 0.2364490546875 0.396563209375 0.625886928125 0.4635824546875 0.62928676875 0.438661178125 0.2480579671875 0.36840805468750004 0.2364490546875 0.396563209375
1 0.2508784375 0.3676551484375 0.63265170625 0.4346923578125 0.6394823765625001 0.4053867765625 0.25321154687499997 0.3358696375 0.2508784375 0.3676551484375
1 0.2537219234375 0.33242550937500004 0.6351145093749999 0.401866265625 0.64254245 0.3722446640625 0.261431375 0.301251125 0.2537219234375 0.33242550937500004
1 0.2614408125 0.297511659375 0.6431134765625 0.3686393453125 0.64780859375 0.3389955421875 0.265679640625 0.27010876875 0.2614408125 0.297511659375
1 0.2640375875 0.26383972187500004 0.650515171875 0.33572844687500003 0.6552102875 0.306084659375 0.2738662984375 0.2313798140625 0.2640375875 0.26383972187500004
1 0.277031775 0.23017206093749998 0.6581969 0.3045044859375 0.6604764328125 0.272835521875 0.2770968 0.1980236625 0.277031775 0.23017206093749998
1 0.2801624140625 0.1965846953125 0.6634630453125 0.27125535 0.6680947109375001 0.24201216250000002 0.286096534375 0.167120715625 0.2801624140625 0.1965846953125
1 0.287622796875 0.1633029828125 0.668724475 0.23803599062499997 0.6708136640625 0.2075688140625 0.2927104265625 0.12968210468750002 0.287622796875 0.1633029828125
4 0.2862023359375 0.12735225156250002 0.6735201578125001 0.204301721875 0.680630859375 0.176683078125 0.2946391859375 0.1002249671875 0.2862023359375 0.12735225156250002