2 0.53435396875 1 0.7531698734375001 0.9646164984375 0.729303378125 0.8532986609375 0.5717785015625 0.0240771671875 0.14032722656250002 0.09521963125 0.11573304531249999 0.12619336718750002 0.2883559953125 1 0.53435396875 1
3 0.525470428125 0.068267809375 0.17049053125 0.124570984375 0.17733755625 0.154204703125 0.5275596140625 0.098734978125 0.525470428125 0.068267809375
0 0.5022755765625 0.35027979062500003 0.3129141953125 0.3801398609375 0.3212193015625 0.4130394921875 0.5069706921875 0.3799235875 0.5022755765625 0.35027979062500003
1 0.5951538546874999 0.404572290625 0.21399664375 0.4640556328125 0.2176315609375 0.4984491140625 0.6019845140625 0.43387780937500003 0.5951538546874999 0.404572290625
1 0.22913455468750002 0.5293936453125 0.611263090625 0.46481836093749995 0.6068852125 0.43717753125 0.222151615625 0.49934526718749994 0.22913455468750002 0.5293936453125
1 0.23460527656250002 0.563934425 0.619262059375 0.49804529531249997 0.6126218156250001 0.469941490625 0.2304043703125 0.534174559375 0.23460527656250002 0.563934425
1 0.242825103125 0.5985529374999999 0.6253159 0.5328122125 0.617697615625 0.5019888375 0.2380598140625 0.568687825 0.242825103125 0.5985529374999999
1 0.2480579671875 0.6315919453125 0.62928676875 0.561338821875 0.625886928125 0.5364175453125 0.2364490546875 0.603436790625 0.2480579671875 0.6315919453125
1 0.25321154687499997 0.6641303625 0.6394823765625001 0.5946132234375 0.63265170625 0.5653076421875001 0.2508784375 0.6323448515625001 0.25321154687499997 0.6641303625
1 0.261431375 0.6987488749999999 0.64254245 0.6277553359375 0.6351145093749999 0.598133734375 0.2537219234375 0.6675744906250001 0.261431375 0.6987488749999999
1 0.265679640625 0.72989123125 0.64780859375 0.6610044578125 0.6431134765625 0.6313606546874999 0.2614408125 0.702488340625 0.265679640625 0.72989123125
1 0.2738662984375 0.7686201859375 0.6552102875 0.693915340625 0.650515171875 0.6642715531250001 0.2640375875 0.7361602781250001 0.2738662984375 0.7686201859375
1 0.2770968 0.8019763375 0.6604764328125 0.727164478125 0.6581969 0.6954955140625 0.277031775 0.7698279390625 0.2770968 0.8019763375
1 0.286096534375 0.8328792843749999 0.6680947109375001 0.7579878375 0.6634630453125 0.72874465 0.2801624140625 0.8034153046875 0.286096534375 0.8328792843749999
1 0.2927104265625 0.8703178953125 0.6708136640625 0.7924311859375 0.668724475 0.761964009375 0.287622796875 0.8366970171875 0.2927104265625 0.8703178953125
4 0.2946391859375 0.8997750328125 0.680630859375 0.8233169218749999 0.6735201578125001 0.7956982781249999 0.2862023359375 0.8726477484374999 0.2946391859375 0.8997750328125