2 0.320075871875 0 0.0905936671875 0.8460909515624999 0.11296732031250001 0.8787048390625 0.5384049546874999 0.9797705234375 0.753389675 0.163557353125 0.7849631718750001 0.054175521875 0.5537209062499999 0 0.320075871875 0
3 0.4995016484375 0.902210021875 0.1540020859375 0.8224451625 0.1451045953125 0.8515290703125 0.49529226875 0.932457240625 0.4995016484375 0.902210021875
0 0.4985776046875 0.6202701625 0.31558874375 0.574277565625 0.30500890625 0.6065177203125 0.4918260796875 0.649514234375 0.4985776046875 0.6202701625
1 0.597123634375 0.5730752 0.2182112109375 0.48185008281249997 0.21218598125 0.515906221875 0.5882653640625 0.60183285 0.597123634375 0.5730752
1 0.2227827671875 0.4812714140625 0.602242571875 0.570125371875 0.6085379125 0.5428572593750001 0.231844765625 0.45178333750000005 0.2227827671875 0.4812714140625
1 0.23344498906250002 0.44710264843749997 0.6102506984375 0.5378413890625 0.6188351890625 0.51026924375 0.2397116046875 0.417708315625 0.23344498906250002 0.44710264843749997
1 0.2434893078125 0.413207471875 0.6175496453125 0.506226178125 0.6272995015625 0.4760093109375 0.25032627343749997 0.38374751875 0.2434893078125 0.413207471875
1 0.2443064375 0.3784307921875 0.628120634375 0.47245259375000004 0.6332506125 0.4478291859375 0.257851075 0.35115401875 0.2443064375 0.3784307921875
1 0.2607171953125 0.3505996921875 0.6368842046875 0.44410475937499994 0.6457424890625 0.41534704843750003 0.265261865625 0.31905435937500004 0.2607171953125 0.3505996921875
1 0.26601125 0.3156542234375 0.641630840625 0.41153042656250005 0.6511069859374999 0.382499128125 0.2758765359375 0.2850935625 0.26601125 0.3156542234375
1 0.276146803125 0.28136386406249997 0.651928115625 0.378942425 0.6586796421875001 0.349698346875 0.28228683593750004 0.25432340937500003 0.276146803125 0.28136386406249997
1 0.28108608749999997 0.247955090625 0.6616075296874999 0.34662801249999997 0.668359053125 0.31738395 0.293155146875 0.21625986875 0.28108608749999997 0.247955090625
1 0.2963971609375 0.215275871875 0.6714486171875 0.3160159609375 0.6759317140625 0.284583153125 0.2987045859375 0.183210321875 0.2963971609375 0.215275871875
1 0.301863109375 0.1819887046875 0.679021278125 0.28321516562500004 0.6856815625 0.2543663015625 0.30983807812499997 0.153010440625 0.301863109375 0.1819887046875
1 0.311626934375 0.149308475 0.68658715625 0.250443746875 0.6907965390624999 0.22019652031249998 0.31904744375 0.11612439062499999 0.311626934375 0.149308475
4 0.3127177296875 0.1133462328125 0.693724340625 0.21712618125 0.7027443 0.190070834375 0.32302633125 0.086873553125 0.3127177296875 0.1133462328125