2 0.5217052359375 0 0 0.025602646875000003 0 0.5130929515625 0.006511978125 0.6373488953125 0.0701612578125 0.880197028125 0.10753254062499999 0.9023015687499999 0.9150760390625001 0.876926559375 0.9607824562499999 0.7881375140625 0.9919882718749999 0.3340341640625 0.9744822843750001 0 0.5217052359375 0
3 0.846681159375 0.7946268703125 0.46629319062499996 0.812188821875 0.4664612265625 0.8422426921874999 0.8485990390625 0.82700720625 0.846681159375 0.7946268703125
0 0.3201381359375 0.14437554218749998 0.5294613609375001 0.1381521078125 0.5276154921875 0.1063253609375 0.32591365 0.120339140625 0.3201381359375 0.14437554218749998
1 0.0433644359375 0.5012903718749999 0.9510204015625 0.4497665203125 0.9497799765625 0.42609780781250006 0.0420673546875 0.47481991093750003 0.0433644359375 0.5012903718749999
1 0.05583040625 0.5243707796875 0.9524675640625 0.47738001875 0.9526304124999999 0.4536377625 0.0506862 0.5050151609375 0.05583040625 0.5243707796875
1 0.05170625156250001 0.5530673687500001 0.9426892859375 0.5055818140625 0.954077575 0.48125126093750004 0.04496081875 0.53003049375 0.05170625156250001 0.5530673687500001
1 0.06050013125 0.5866248281249999 0.944343184375 0.537140096875 0.9428960234374999 0.5095265999999999 0.05342465625 0.5572680328125 0.06050013125 0.5866248281249999
1 0.054807312500000004 0.6122391484375 0.9333270234375 0.5685712484375001 0.9445085734375 0.5402959078125 0.0550263953125 0.587831034375 0.054807312500000004 0.6122391484375
1 0.0690071234375 0.6415576734374999 0.9456276046875001 0.58849584375 0.9334562359374999 0.5665097546875 0.067601309375 0.6147331515625 0.0690071234375 0.6415576734374999
1 0.0760671640625 0.6688770140625 0.9414619953125 0.61640349375 0.9403208031249999 0.5967969421875 0.07466135 0.642052490625 0.0760671640625 0.6688770140625
1 0.9486846718749999 0.6199805890625 0.0761085125 0.6696659890625 0.072973940625 0.6903994765625 0.9443536703125 0.6447324 0.9486846718749999 0.6199805890625
4 0.012980453125 0.3779439234375 0.9643419625 0.3280851796875 0.9571696390625 0.2805469921875 0.009220585937500001 0.333046896875 0.012980453125 0.3779439234375