2 1 0.3886665046875 0.9491476375 0.142820040625 0.912984434375 0.11878993125 0.10521962031250001 0.1018666046875 0.054928982812500006 0.188141878125 0 0.639989709375 0 0.9966756984374999 1 1 1 0.3886665046875
3 0.169213534375 0.187633015625 0.549999315625 0.1900031 0.5514044078125 0.1599816234375 0.16899293906249999 0.15519668125 0.169213534375 0.187633015625
0 0.6610034234375 0.8645503296875001 0.45164135937500005 0.859810103125 0.45181901562500004 0.8916898390625001 0.6539778562499999 0.8882515234374999 0.6610034234375 0.8645503296875001
1 0.95607729375 0.5226098546875 0.0469686890625 0.526560053125 0.0469686890625 0.550261246875 0.955987240625 0.5491119234374999 0.95607729375 0.5226098546875
1 0.9448363421874999 0.49890865937499995 0.0469686890625 0.49890865937499995 0.045563489062500004 0.5226098546875 0.9489605046875 0.5185069796875 0.9448363421874999 0.49890865937499995
1 0.9504567093749999 0.470467240625 0.058209534375000004 0.47125726874999996 0.045563489062500004 0.4949584609375 0.955987240625 0.4938255734375 0.9504567093749999 0.470467240625
1 0.9434311421875 0.436495534375 0.058209534375000004 0.43965567656250004 0.058209534375000004 0.46730706875 0.9489605046875 0.46618239843750003 0.9434311421875 0.436495534375
1 0.9504567093749999 0.41121425624999997 0.070855578125 0.40884414218750004 0.058209534375000004 0.436495534375 0.9489605046875 0.4355774546875 0.9504567093749999 0.41121425624999997
1 0.937810771875 0.38119274999999997 0.059614626562499995 0.388303090625 0.070618653125 0.41089604843750005 0.937810771875 0.40805408437499996 0.937810771875 0.38119274999999997
1 0.932190190625 0.35354135625 0.0652351015625 0.360651696875 0.0653486015625 0.3802911046875 0.932190190625 0.3804026921875 0.932190190625 0.35354135625
1 0.058209534375000004 0.3567014984375 0.932190190625 0.35275129843749997 0.9364055734375001 0.3322102765625 0.063830009375 0.3322102765625 0.058209534375000004 0.3567014984375
4 0.9799641828125001 0.6473774359375 0.027297074999999997 0.6473774359375 0.0319716125 0.6952258453125 0.9813691671875 0.692409709375 0.9799641828125001 0.6473774359375