2 1 0.47816953125 0.9883939953124999 0.345512290625 0.9163082109375 0.105033421875 0.8781882578125 0.0842465859375 0.0720222671875 0.137789 0.0294423859375 0.2281190875 0.0141035578125 0.683034878125 0.0418344125 1 0.5011406218750001 1 1 0.9580260265625 1 0.47816953125
3 0.52157424375 0.15679530625 0.14020093125 0.18535792812500002 0.1432477 0.21765160625000002 0.5227910437500001 0.18682500468750002 0.52157424375 0.15679530625
0 0.486140378125 0.8943985906249999 0.6872302734375 0.8733540546875 0.6921634109375 0.8491307328125 0.48318489531250003 0.86265565 0.486140378125 0.8943985906249999
1 0.053073165624999995 0.5895542687499999 0.9585324578125001 0.50918313125 0.9563123609374999 0.4827740625 0.051007471875 0.5659432640625 0.053073165624999995 0.5895542687499999
1 0.0492633359375 0.56213056875 0.9488650640625 0.47930706875 0.9430484890624999 0.4601427703125 0.04859749375 0.5383970921875 0.0492633359375 0.56213056875
1 0.0468533578125 0.5345843968749999 0.9537139343750001 0.4541071625 0.9461686359374999 0.43131973281249997 0.057385585937500004 0.5098712203125 0.0468533578125 0.5345843968749999
1 0.057041303125 0.5059360515625 0.9443046765625001 0.42718159843750003 0.9362089734374999 0.3980896171875 0.054631326562500006 0.47838988125000004 0.057041303125 0.5059360515625
1 0.054355901562499996 0.47524176406249996 0.9416372796875001 0.396693115625 0.9410043984375 0.3722922234375 0.0645438453125 0.44659341875 0.054355901562499996 0.47524176406249996
1 0.0644866578125 0.44865816562500005 0.9281311546875 0.37024624375 0.9257900359375 0.343487125 0.0515553984375 0.42711024531249997 0.0644866578125 0.44865816562500005
1 0.0565692640625 0.41862899843749996 0.9201219843749999 0.3431899390625 0.9177808640625 0.31643081875 0.054744507812499996 0.3990742171875 0.0565692640625 0.41862899843749996
1 0.9201210812499999 0.294813515625 0.0508659296875 0.3708634859375 0.04740139375 0.39575136875 0.91771200625 0.3156437671875 0.9201210812499999 0.294813515625
4 0.0507676546875 0.7352743140625 0.9963070234375 0.6497234453125 0.9909825640625 0.6049849859374999 0.0419406421875 0.6880153953125 0.0507676546875 0.7352743140625