2 0.9662575421874999 1 0.9890168359375 0.6745269390625 0.9657409687499999 0.2199481328125 0.9215910968750001 0.130374925 0.11461344531249999 0.0909102015625 0.076862078125 0.11235915781250001 0.00898420625 0.3540594703125 0 0.48253960625000003 0 0.966145125 0.5084304640624999 1 0.9662575421874999 1
3 0.4717467703125 0.1872704609375 0.85177030625 0.2114684234375 0.8542530078125001 0.179126490625 0.47243929375000004 0.1572241015625 0.4717467703125 0.1872704609375
0 0.5231417578124999 0.8623069515624999 0.31395902656249997 0.852431271875 0.31931416874999996 0.876564809375 0.520740715625 0.8940966375 0.5231417578124999 0.8623069515624999
1 0.9500750140625 0.5580972203125001 0.043456503125000004 0.490740434375 0.041697646875 0.5171842265625 0.9484217015624999 0.5817406796875 0.9500750140625 0.5580972203125001
1 0.952003878125 0.530513184375 0.056323384374999994 0.46788110312500003 0.050842159374999994 0.48714399531249997 0.9517523421874999 0.5542546671874999 0.952003878125 0.530513184375
1 0.942719278125 0.5021450296875 0.052700681250000006 0.43911690937500003 0.045554228125 0.4620325515625 0.95368120625 0.5266706296875 0.942719278125 0.5021450296875
1 0.9449236937500001 0.47062041718750003 0.062078881249999995 0.4057180359375 0.0544921375 0.43494687499999996 0.9429948296875 0.4982044515625 0.9449236937500001 0.47062041718750003
1 0.934457759375 0.43900179531249994 0.056833960937500004 0.38000826249999997 0.0566270296875 0.4044164828125 0.945144134375 0.4674679734375 0.934457759375 0.43900179531249994
1 0.9471042000000001 0.419294909375 0.0715432875 0.3509420234375 0.0696695359375 0.37773792500000003 0.9345509734374999 0.4410652296875 0.9471042000000001 0.419294909375
1 0.9434262796875 0.3913188078125 0.0790790421875 0.3237500578125 0.0772052890625 0.3505459609375 0.9419430796875 0.4109024578125 0.9434262796875 0.3913188078125
1 0.079134153125 0.322961925 0.9507102843749999 0.38786831093749996 0.946811921875 0.36304468437500004 0.07636190781249999 0.302176890625 0.079134153125 0.322961925
4 0.9612709140625 0.6799925203125 0.01092445625 0.6135378234375 0.0063816015625 0.6583623937499999 0.9532700265624999 0.7273982953125 0.9612709140625 0.6799925203125