2 0.919549815625 1 0.96809491875 0.724687040625 0.9924629828124999 0.270165475 0.9579179171875 0.1764680390625 0.1594861609375 0.05286737500000001 0.1196995734375 0.0702527375 0.026928982812500002 0.303533821875 0 0.4562556703125 0 0.9192784078124999 0.4668650703125 1 0.919549815625 1
3 0.5045906828125 0.186030359375 0.8800030328125 0.2498190390625 0.8858527875 0.217913790625 0.5084201125 0.156220984375 0.5045906828125 0.186030359375
0 0.48514359531249995 0.8627411687500001 0.27813907968749996 0.831054040625 0.28094224375 0.8556151359375 0.4794327796875 0.8941057296875 0.48514359531249995 0.8627411687500001
1 0.9415366421875 0.6048246078124999 0.046925384375000004 0.44306936874999997 0.042412034375000005 0.46918445000000003 0.9374209734375001 0.6281657265625 0.9415366421875 0.6048246078124999
1 0.94633825625 0.5775933015625 0.062111231249999996 0.42168021875 0.054646510937500004 0.44026464374999996 0.9436064390625001 0.6011784328124999 0.94633825625 0.5775933015625
1 0.9400697984375 0.5484100453125 0.06151505 0.3926949234375 0.052012407812499994 0.41473802343750005 0.9484080531249999 0.573947125 0.9400697984375 0.5484100453125
1 0.9455573578124999 0.5172885515625001 0.07433300781249999 0.3604593 0.0637325796875 0.388734990625 0.9407557437499999 0.5445198578125 0.9455573578124999 0.5172885515625001
1 0.938453803125 0.48474915156250004 0.07180422343750001 0.334342125 0.069047071875 0.3585950046875 0.9461061109375001 0.51417641875 0.938453803125 0.48474915156250004
1 0.9530908953124999 0.46647213593750003 0.0894712203125 0.30697265625000003 0.0848067984375 0.33342590625 0.9383308187500001 0.48681102656249997 0.9530908953124999 0.46647213593750003
1 0.9523574218749999 0.43826484375 0.0998080265625 0.280717353125 0.09514360468750001 0.3071706046875 0.9488352984375 0.457586175 0.9523574218749999 0.43826484375
1 0.09994521875 0.2799392984375 0.9599622 0.435594634375 0.95867996875 0.41049950312499994 0.0993607875 0.258978346875 0.09994521875 0.2799392984375
4 0 0.6072373015625 0.927017371875 0.773532203125 0.9399296828124999 0.72722244375 0.001735728125 0.5617935359375 0 0.5701114125 0 0.6072373015625