2 0.16833795468749999 0 0.0079406765625 0.9817011203125 0.510910315625 1 0.97802478125 1 0.8450938140625001 0.011996162500000001 0.5051746859375 0 0.16833795468749999 0
3 0.6278846109375 0.03814849375 0.7753892375 0.045409798437499996 0.76787440625 0.0318343890625 0.6282673546875001 0.027188146875000003 0.6278846109375 0.03814849375
0 0.2140379703125 0.045644084375 0.382157578125 0.055735609374999995 0.3772558453125 0.044564960937499995 0.21710564375 0.036887809375000004 0.2140379703125 0.045644084375
0 0.212509325 0.06964843281250001 0.33392616406250003 0.07262220781249999 0.3318713734375 0.0588028640625 0.2081972515625 0.054725556249999995 0.212509325 0.06964843281250001
1 0.7896271031250001 0.27039897343749997 0.18936743125 0.2380416640625 0.1842264390625 0.2863997046875 0.7943356500000001 0.3122939359375 0.7896271031250001 0.27039897343749997
1 0.7964134625 0.3331016953125 0.18083490468750002 0.30443012812500003 0.1763394078125 0.354076871875 0.7955216421875 0.377208684375 0.7964134625 0.3331016953125
1 0.803082546875 0.399161165625 0.1778494359375 0.3701524234375 0.17058068125 0.42012444687499995 0.798523946875 0.439549734375 0.803082546875 0.399161165625
1 0.8085348937499999 0.46051975 0.1693916046875 0.4344017921875 0.152350478125 0.48740904843750005 0.810991675 0.5027487484375001 0.8085348937499999 0.46051975
1 0.8158211265625 0.528679765625 0.1517927234375 0.5033810546875 0.140251509375 0.5768395359375 0.8284754765625 0.6012949046875 0.8158211265625 0.528679765625
1 0.841941696875 0.6308877046875 0.1358907265625 0.602855321875 0.12210631718750001 0.661463171875 0.8400574203125 0.6848463234375 0.841941696875 0.6308877046875
1 0.8506779281249999 0.716840778125 0.1211947140625 0.6875680625 0.12031145937500001 0.71286116875 0.8502982828125001 0.736715996875 0.8506779281249999 0.716840778125
4 0.8659921484374999 0.8912353218750001 0.0936202125 0.8642635000000001 0.0927958421875 0.88787040625 0.859636315625 0.91425705 0.8659921484374999 0.8912353218750001