2 0.050782935937499996 0 0.1298389765625 0.96927423125 0.4795458078125 1 0.8086684734375 1 1 0.120955878125 1 0.043235131249999996 0.513988528125 0 0.050782935937499996 0
3 0.3481192109375 0.9545255906250001 0.20119676250000001 0.9395544421875 0.2079908125 0.9535045421874999 0.3471633703125 0.9654508859375 0.3481192109375 0.9545255906250001
0 0.7617909765624999 0.9686993328125 0.594429921875 0.9498229374999999 0.598740309375 0.9612348140625 0.7582692390625 0.9772830578124999 0.7617909765624999 0.9686993328125
0 0.76457381875 0.9448078843750001 0.6434790109375 0.9354837187499999 0.6448077390625 0.9493916625000001 0.768098978125 0.9599359859375 0.76457381875 0.9448078843750001
1 0.19875343125 0.7141284546875 0.7964970171875 0.7778565828125 0.8041618296875 0.729833875 0.19624395 0.67204448125 0.19875343125 0.7141284546875
1 0.1952579796875 0.6511564953125 0.8084923546875 0.7120056609375001 0.81558 0.66266223125 0.1984569578125 0.6071566265625 0.1952579796875 0.6511564953125
1 0.1920553203125 0.5848385234375 0.8149133718750001 0.6465296828125 0.8247874984375001 0.5970065609375 0.19872144687499999 0.544743884375 0.1920553203125 0.5848385234375
1 0.18982170625 0.523278675 0.8267221625 0.582811015625 0.8465141203125001 0.530768265625 0.1895783859375 0.48097897187500005 0.18982170625 0.523278675
1 0.18611267812500001 0.4548307375 0.847907021875 0.514847340625 0.8632769375 0.44209355156249996 0.17727605468750002 0.3816528375 0.18611267812500001 0.4548307375
1 0.1653770546875 0.3513958265625 0.8689933062499999 0.41634164531250006 0.885826121875 0.35853553437499996 0.170082725 0.29760977187500004 0.1653770546875 0.3513958265625
1 0.1611512328125 0.2651033296875 0.8881026999999999 0.3325141296875 0.8903084828125 0.3073019125 0.162570546875 0.24527521874999997 0.1611512328125 0.2651033296875
4 0.15498510468749999 0.09014630312500001 0.9248869359375 0.15750398593749998 0.92694566875 0.13397257499999998 0.1625370921875 0.067488765625 0.15498510468749999 0.09014630312500001