2 0.9749484468749999 0.998580303125 0.8473923062500001 0 0.1721474953125 0.00024984062500000003 0.0019242968749999998 1 0.9749484468749999 0.998580303125
3 0.24064349218749997 0.0360757765625 0.388311678125 0.0339667328125 0.388311678125 0.0229997046875 0.2486275203125 0.0227709015625 0.24064349218749997 0.0360757765625
0 0.6332752390625 0.060118884375 0.801644621875 0.055900796875000006 0.79888440625 0.0470427953125 0.6385638359375 0.049126109375 0.6332752390625 0.060118884375
0 0.6808879375 0.0786784484375 0.802334596875 0.079943871875 0.8071648437500001 0.06518057499999999 0.683423765625 0.064939234375 0.6808879375 0.0786784484375
1 0.819585553125 0.24904216250000002 0.218562290625 0.26043099999999997 0.2123944984375 0.302136115625 0.82303574375 0.2975501625 0.819585553125 0.24904216250000002
1 0.8257959593749999 0.315687965625 0.209591771875 0.322858684375 0.2089437359375 0.36696992968750003 0.8285560703125 0.36546135625 0.8257959593749999 0.315687965625
1 0.8264859343750001 0.381474415625 0.2006213078125 0.388645165625 0.2037675890625 0.4291682234375 0.8320062625 0.4316696734375 0.8264859343750001 0.381474415625
1 0.8326963421875 0.44597981875 0.19303089843750001 0.4497760875 0.18910184218749998 0.4918936203125 0.8478771609375 0.49954951249999996 0.8326963421875 0.44597981875
1 0.8478771609375 0.515531253125 0.183370353125 0.517640296875 0.16818948125 0.5897695703125 0.8568476796875 0.58934776875 0.8478771609375 0.515531253125
1 0.86029786875 0.6154998953125 0.1536986890625 0.618874378125 0.1536986890625 0.6728658875 0.8720284968750001 0.6745531125 0.86029786875 0.6154998953125
1 0.8720284968750001 0.700673915625 0.1419680609375 0.7044702015625 0.141653840625 0.7243465625 0.8720284968750001 0.7259824390625 0.8720284968750001 0.700673915625
4 0.89341961875 0.87822405 0.1205768875 0.87822405 0.126125403125 0.90145356875 0.89341961875 0.901845346875 0.89341961875 0.87822405