2 0.45262393124999994 0 0.063585771875 0.0754719859375 0.12370615625 1 0.5439361593750001 1 1 0.9120405390625 1 0.672167196875 0.7465072140625 0 0.45262393124999994 0
3 0.5719269953125 0 0.5186203453125 0.0104524078125 0.520712953125 0.021217940625 0.6388533359374999 0 0.5719269953125 0
0 0.11915931718749999 0.1216166578125 0.285240128125 0.093630853125 0.27795117812500003 0.08384915937500001 0.1201786328125 0.112394728125 0.11915931718749999 0.1216166578125
0 0.123069653125 0.14534964687500002 0.24204354218750002 0.12093435781249999 0.23693273750000002 0.1079314296875 0.11551118125 0.1317792484375 0.123069653125 0.14534964687500002
1 0.7305549859375 0.2111317109375 0.13840112031250001 0.3146327625 0.1442700828125 0.3629078625 0.74456716875 0.250893715625 0.7305549859375 0.2111317109375
1 0.7512724546875 0.2707007671875 0.1450214359375 0.381239096875 0.151809246875 0.4306246640625 0.76032540625 0.3138779140625 0.7512724546875 0.2707007671875
1 0.7726307578125 0.3335669203125 0.15689678437500001 0.44594851718750006 0.1610555859375 0.496274875 0.777274446875 0.37394579375000003 0.7726307578125 0.3335669203125
1 0.791746040625 0.3921263765625 0.163108690625 0.5104537765625 0.158428365625 0.5659358812499999 0.8036393125 0.4327203921875 0.791746040625 0.3921263765625
1 0.8141781953124999 0.45690040937500004 0.16147782500000002 0.5816239921874999 0.166756975 0.6557959453125 0.8428430671875 0.52480781875 0.8141781953124999 0.45690040937500004
1 0.86262108125 0.550612915625 0.1683602375 0.6821259109375 0.16811301875 0.7423324640625 0.872923146875 0.6036124484375 0.86262108125 0.550612915625
1 0.8904686375 0.6323977937499999 0.17309710312499998 0.7679733546875 0.177926196875 0.7928168890625 0.8945696734374999 0.6518490140625001 0.8904686375 0.6323977937499999
4 0.9446205921875 0.798877665625 0.18597715937499998 0.9463430109375001 0.1904843140625 0.9695303187500001 0.9436064203125 0.8227391000000001 0.9446205921875 0.798877665625