2 0.48925385937500004 0 0.146441903125 0.0180932046875 0.0317398875 1 0.4999385171875 1 1 0.9730612093750001 1 0.9708829625 0.8239212796875 0 0.48925385937500004 0
3 0.3635004765625 0.0294987328125 0.22399577656249997 0.036580746875 0.2167190140625 0.0502852390625 0.364074446875 0.0404507296875 0.3635004765625 0.0294987328125
0 0.774768846875 0.03202115625 0.6147770234375 0.0424921453125 0.6100709906249999 0.053746639062500004 0.777988871875 0.040722559375 0.774768846875 0.03202115625
0 0.7839871953124999 0.0497007140625 0.66040306875 0.0559358125 0.6585897703125 0.0697889125 0.77993621875 0.0646965734375 0.7839871953124999 0.0497007140625
1 0.20243325625000003 0.317459390625 0.8119976281250001 0.28092122812500003 0.8060134531250001 0.23266027656250002 0.20640991875 0.2754886328125 0.20243325625000003 0.317459390625
1 0.20238036250000002 0.38238495 0.8210645875000001 0.348450440625 0.8157033203124999 0.298889715625 0.20071890625000002 0.3383002421875 0.20238036250000002 0.38238495
1 0.20046651718750003 0.44476890312500006 0.8279751265625 0.41438745312499997 0.8198353468749999 0.364549896875 0.195203734375 0.40446604375 0.20046651718750003 0.44476890312500006
1 0.1891036625 0.5081758828125 0.8473768312500001 0.4813436453125 0.8294131953124999 0.4286418703125 0.190823071875 0.4659104390625 0.1891036625 0.5081758828125
1 0.1733423921875 0.607012165625 0.8610347328125 0.57054935625 0.84821325 0.497303484375 0.18472750468750002 0.5341872375000001 0.1733423921875 0.607012165625
1 0.163220384375 0.690752990625 0.8806540484375001 0.6548434265624999 0.8658488906249999 0.5964850734375 0.16039468750000002 0.636835475 0.163220384375 0.690752990625
1 0.1538863328125 0.7427934921875 0.8833456515625 0.7062022703124999 0.8820211062500001 0.68092843125 0.153159875 0.7229279265625 0.1538863328125 0.7427934921875
4 0.1476482421875 0.9204704749999999 0.9139114109375001 0.8807046390625001 0.9126751687500001 0.8571157156250001 0.140891590625 0.897563178125 0.1476482421875 0.9204704749999999