2 0.5205337375 1 0.9694969953125 0.87551394375 0.7481329031249999 0.10924652187499999 0.0894980765625 0.2719470203125 0.12102233437500001 0.43080405 0.11680011875 0.5273400890625 0.1998953234375 0.9173519703125 0.23463296250000001 1 0.5205337375 1
3 0.2112129453125 0.411985940625 0.53021515 0.317091396875 0.5070171203125 0.29523026875 0.19853756718749999 0.3885251109375 0.2112129453125 0.411985940625
0 0.499232825 0.44136296093749994 0.7452539328125 0.3753170453125 0.7330868171875 0.3516835203125 0.48897081875000004 0.421176071875 0.499232825 0.44136296093749994
4 0.7338906078125 0.7890515859375 0.2780352015625 0.9056660000000001 0.2872393625 0.9307224156249999 0.7412992125 0.8108595671875 0.7338906078125 0.7890515859375
1 0.28687100625 0.5515132875 0.7546007890624999 0.42387559531249996 0.7452403453125 0.3999319984375 0.27392041875 0.5267694984375 0.28687100625 0.5515132875
1 0.34621128749999996 0.8061430296875001 0.83412213125 0.680312909375 0.8224964343750001 0.65603969375 0.3310872546875 0.7827420468749999 0.34621128749999996 0.8061430296875001
1 0.8099961515625 0.6319845390625 0.32416155468749996 0.7586904156250001 0.33578725625 0.7829636296875 0.8205837218750001 0.6558198734375 0.8099961515625 0.6319845390625
1 0.8043289890624999 0.605528978125 0.3174562671875 0.7317969765625 0.33410906093750004 0.75760365 0.8124563578125 0.630674425 0.8043289890624999 0.605528978125
1 0.7976237015625001 0.5786355390625 0.3070891046875 0.7051198328125 0.3218291875 0.7307066859375 0.8134019109375 0.6046602734375 0.7976237015625001 0.5786355390625
1 0.7938692515625 0.5523998015625 0.300874446875 0.68019420625 0.314576403125 0.7053431812500001 0.803034746875 0.5779831265625 0.7938692515625 0.5523998015625
1 0.78448335 0.5296582812499999 0.2952072890625 0.6537386453125 0.3116965375 0.67888938125 0.794580290625 0.55152580625 0.78448335 0.5296582812499999
1 0.7764128484375 0.5010150906249999 0.29200033593749997 0.625972975 0.309364165625 0.6509056531249999 0.7873275078125 0.5261623 0.7764128484375 0.5010150906249999
1 0.767410896875 0.4760876984375 0.28698734843749996 0.602141165625 0.305282628125 0.6233580390625 0.77728743125 0.5007970312500001 0.767410896875 0.4760876984375
1 0.7603216578125 0.45138013125 0.2830693546875 0.5752494890625 0.296771309375 0.6003984640625 0.767083809375 0.47477582500000004 0.7603216578125 0.45138013125