2 0.23463296250000001 0 0.1998953234375 0.0826480296875 0.11680011875 0.4726599109375 0.12102233437500001 0.56919595 0.0894980765625 0.7280529796875 0.7481329031249999 0.8907534781249999 0.9694969953125 0.12448605625 0.5205337375 0 0.23463296250000001 0
3 0.19853756718749999 0.6114748890625 0.5070171203125 0.7047697312500001 0.53021515 0.682908603125 0.2112129453125 0.5880140593750001 0.19853756718749999 0.6114748890625
0 0.48897081875000004 0.578823928125 0.7330868171875 0.6483164796875001 0.7452539328125 0.6246829546875 0.499232825 0.5586370390625001 0.48897081875000004 0.578823928125
4 0.7412992125 0.18914043281249998 0.2872393625 0.069277584375 0.2780352015625 0.094334 0.7338906078125 0.21094841406249998 0.7412992125 0.18914043281249998
1 0.27392041875 0.4732305015625 0.7452403453125 0.6000680015625 0.7546007890624999 0.5761244046875 0.28687100625 0.4484867125 0.27392041875 0.4732305015625
1 0.3310872546875 0.217257953125 0.8224964343750001 0.34396030624999996 0.83412213125 0.319687090625 0.34621128749999996 0.1938569703125 0.3310872546875 0.217257953125
1 0.8205837218750001 0.3441801265625 0.33578725625 0.2170363703125 0.32416155468749996 0.241309584375 0.8099961515625 0.36801546093750004 0.8205837218750001 0.3441801265625
1 0.8124563578125 0.369325575 0.33410906093750004 0.24239635 0.3174562671875 0.2682030234375 0.8043289890624999 0.394471021875 0.8124563578125 0.369325575
1 0.8134019109375 0.3953397265625 0.3218291875 0.2692933140625 0.3070891046875 0.2948801671875 0.7976237015625001 0.42136446093749996 0.8134019109375 0.3953397265625
1 0.803034746875 0.4220168734375 0.314576403125 0.29465681875 0.300874446875 0.31980579374999996 0.7938692515625 0.44760019843750004 0.803034746875 0.4220168734375
1 0.794580290625 0.44847419374999997 0.3116965375 0.32111061875 0.2952072890625 0.3462613546875 0.78448335 0.47034171875 0.794580290625 0.44847419374999997
1 0.7873275078125 0.4738377 0.309364165625 0.34909434687499996 0.29200033593749997 0.374027025 0.7764128484375 0.498984909375 0.7873275078125 0.4738377
1 0.77728743125 0.49920296875 0.305282628125 0.3766419609375 0.28698734843749996 0.39785883437499997 0.767410896875 0.5239123015625 0.77728743125 0.49920296875
1 0.767083809375 0.525224175 0.296771309375 0.3996015359375 0.2830693546875 0.4247505109375 0.7603216578125 0.54861986875 0.767083809375 0.525224175