2 0.1863370046875 0 0.13318578125 0.7823217078125 0.807746915625 0.8546996281249999 0.8324561062500001 0.69464091875 0.8694409625 0.6053707984375001 0.9247489296875001 0.210459278125 0.9166148234374999 0.043991221875 0.357985353125 0 0.1863370046875 0
3 0.423370690625 0.690020609375 0.745155365625 0.7078583546874999 0.7412684828125 0.681477153125 0.4090486203125 0.661543675 0.423370690625 0.690020609375
0 0.2302428140625 0.5596515156249999 0.48340466875 0.5778424656250001 0.48066586093749997 0.5553631828125 0.22689260625 0.5332818671874999 0.2302428140625 0.5596515156249999
4 0.84724534375 0.1680217484375 0.37957314375 0.12535836718749999 0.3790761859375 0.1483850578125 0.8473246265625001 0.1947150859375 0.84724534375 0.1680217484375
1 0.23532418437499997 0.510156025 0.721601021875 0.5521686703124999 0.7178943249999999 0.5244877515625 0.2347174375 0.48445494375000003 0.23532418437499997 0.510156025
1 0.2503211984375 0.243070375 0.7554295343749999 0.29208094687499997 0.7492212015625 0.26491849218749997 0.24769854531250002 0.216284790625 0.2503211984375 0.243070375
1 0.7510887640624999 0.29026523125 0.2520433765625 0.24393112343749998 0.253840275 0.269950175 0.7537114218750001 0.317050815625 0.7510887640624999 0.29026523125
1 0.743992128125 0.31466979375 0.2510803515625 0.2703398390625 0.25011733125 0.296748553125 0.7508142328125 0.34461572500000004 0.743992128125 0.31466979375
1 0.74633213125 0.3441446359375 0.24129445781249997 0.29446174687500004 0.2472201421875 0.3243134640625 0.7514320609375 0.37322981875 0.74633213125 0.3441446359375
1 0.744472690625 0.3704591328125 0.24191228437499998 0.32307584375 0.24177502031250003 0.350251090625 0.7487468609375 0.398777784375 0.744472690625 0.3704591328125
1 0.7381311453125 0.39630254531250003 0.24080793749999999 0.3508291859375 0.24281682500000001 0.37483129531250003 0.7450239125 0.42557616249999997 0.7381311453125 0.39630254531250003
1 0.730751859375 0.4233963671875 0.23894849375 0.377143684375 0.2406040671875 0.40450736562499995 0.7385410453125 0.4527642 0.730751859375 0.4233963671875
1 0.7251654109375 0.45067862343750004 0.23970764687499999 0.4044131484375 0.24053746562499997 0.43101029999999996 0.735100753125 0.4768733171875 0.7251654109375 0.45067862343750004
1 0.7253107984375 0.47516461093749995 0.2403961390625 0.432354928125 0.23874868437500002 0.45665248125 0.7295849671875 0.5034832609375 0.7253107984375 0.47516461093749995