2 0.1215686265625 0.43382352968750004 0.10784313593749999 0.832352940625 0.13333333281249998 0.9970588218750001 0.8647058828124999 0.9779411781249999 0.8352941171875001 0.180882353125 0.156862746875 0.179411765625 0.14901960625 0.3411764703125 0.1215686265625 0.43382352968750004
3 0.5563469640625 0.3030104 0.23446050624999998 0.318906028125 0.24108368281249998 0.34473642187500003 0.5735672265625 0.3298342703125 0.5563469640625 0.3030104
0 0.762044146875 0.41247795781249996 0.5083676671874999 0.4208492796875 0.513441196875 0.442919134375 0.7681323796874999 0.43835295781249994 0.762044146875 0.41247795781249996
4 0.1893580796875 0.8664566625000001 0.658927859375 0.860001271875 0.65701515 0.837048778125 0.1864890171875 0.839917840625 0.1893580796875 0.8664566625000001
1 0.7621643 0.4622334546875 0.2741598203125 0.4712807296875 0.28073965625 0.498422553125 0.7654542171875 0.48773032031249997 0.7621643 0.4622334546875
1 0.7751674937499999 0.729423596875 0.26770319374999996 0.7334797078124999 0.2767167671875 0.759844415625 0.7805756359375 0.7557883046875 0.7751674937499999 0.729423596875
1 0.2722099796875 0.7348317421874999 0.7733647765625 0.7287475796875 0.768857990625 0.703058890625 0.26680183281250003 0.708467034375 0.2722099796875 0.7348317421874999
1 0.2767167671875 0.7098190703125 0.7715620640624999 0.7023828703125 0.769759346875 0.6760181625 0.26680183281250003 0.680750290625 0.2767167671875 0.7098190703125
1 0.2713086234375 0.680750290625 0.7787729234375 0.6773702 0.769759346875 0.6483014171875 0.263196403125 0.652357528125 0.2713086234375 0.680750290625
1 0.27040726406250004 0.6543855828125 0.7751674937499999 0.648977434375 0.7724634203125 0.621936709375 0.263196403125 0.6266688375 0.27040726406250004 0.6543855828125
1 0.27401269687499996 0.628020871875 0.7733647765625 0.6212606921875 0.768857990625 0.5976000546875 0.2640977640625 0.599628109375 0.27401269687499996 0.628020871875
1 0.2785194828125 0.600304128125 0.7724634203125 0.5948959828125 0.7679566328125 0.5678552578125 0.26770319374999996 0.571911365625 0.2785194828125 0.600304128125
1 0.28122355625 0.5725873828125 0.768857990625 0.5678552578125 0.765252559375 0.541490546875 0.26860455 0.5475747125 0.28122355625 0.5725873828125
1 0.2785194828125 0.5482507296875 0.765252559375 0.5401385125 0.764351203125 0.5158018578125 0.2713086234375 0.520533984375 0.2785194828125 0.5482507296875