2 0.749188315625 1 0.9025359953125 0.2714765 0.244612703125 0.10592219218750001 0.1978681140625 0.260984365625 0.1488191921875 0.34423841875 0.0390884171875 0.72760930625 0.0239754875 0.8935893546875 0.5038573234375 1 0.749188315625 1
3 0.2863362625 0.2867108875 0.61254878125 0.3526864421875 0.602329315625 0.322493396875 0.2861587609375 0.26004547499999997 0.2863362625 0.2867108875
0 0.526851046875 0.4478664 0.775081471875 0.5050512312500001 0.7754338140625 0.478471953125 0.5272674046875 0.425224715625 0.526851046875 0.4478664
4 0.57081165 0.8650223921875 0.11356806562499999 0.75397565625 0.10993158125 0.7804202515625 0.5671148328125 0.8877558249999999 0.57081165 0.8650223921875
1 0.28763424375 0.44542553281249997 0.760537396875 0.5523139703125 0.7635134546875 0.5267785671875 0.287816059375 0.4174981296875 0.28763424375 0.44542553281249997
1 0.2204871796875 0.6981088234375 0.7103605484375 0.8160676890625 0.7114912515625 0.7891777765625 0.21811954843749998 0.6703466796875001 0.2204871796875 0.6981088234375
1 0.7117473671875 0.7620698078125 0.223296075 0.6458589296875 0.22216537656250002 0.6727488421875 0.7099056265625 0.7880857234375 0.7117473671875 0.7620698078125
1 0.71916369375 0.7360503640625 0.2300013625 0.6189654921875001 0.23258940625000002 0.64956944375 0.7145346625 0.76206804375 0.71916369375 0.7360503640625
1 0.72586898125 0.7091569234375 0.233371859375 0.5905438828125 0.23437428124999998 0.6200557828125 0.727582440625 0.739542821875 0.72586898125 0.7091569234375
1 0.7348709328125 0.684229534375 0.23958651718750001 0.56561825625 0.239877896875 0.5942561609375 0.730952940625 0.711121209375 0.7348709328125 0.684229534375
1 0.73726016875 0.65974355 0.247002846875 0.5395988125 0.2497544328125 0.569546828125 0.7359090578124999 0.68379165625 0.73726016875 0.65974355
1 0.7435815031249999 0.63066424375 0.2572064671875 0.5135776062499999 0.2608326359375 0.5437436796874999 0.7414126765625 0.657992034375 0.7435815031249999 0.63066424375
1 0.747335953125 0.6044285015625 0.26396861875 0.4901819140625 0.270161675 0.517504415625 0.7444560859375 0.6308823015625 0.747335953125 0.6044285015625
1 0.7526760265625 0.5792848187499999 0.2731341140625 0.46459858593750003 0.2734254921875 0.493236490625 0.7476630390625 0.6031166296875 0.7526760265625 0.5792848187499999