2 0.12126701875000001 0 0.0907380796875 0.03667996875 0.08088087499999999 0.1132446328125 0.082577028125 0.199128171875 0.092005084375 0.269191525 0.04259198125 0.3541829484375 0 0.5251379468749999 0 0.9913431640624999 0.5145832921875 1 0.9913069562500001 1 0.9996237156250001 0.321502990625 0.986519959375 0.21794561406250001 0.9797915109374999 0.1152593203125 0.9400549015624999 0.011996851562499999 0.27170999375 0 0.12126701875000001 0
0 0.31765228749999996 0.0825279875 0.12169160625 0.08386653125 0.124219 0.109905146875 0.31725962343749997 0.1050237375 0.31765228749999996 0.0825279875
0 0.8933012546875 0.07790997499999999 0.7514622531249999 0.07524231718749999 0.7545392890625 0.1007601765625 0.89291389375 0.10010185 0.8933012546875 0.07790997499999999
0 0.3281405234375 0.25070251875 0.132347728125 0.2502446390625 0.130344034375 0.27288275781250004 0.3277894890625 0.27081326250000004 0.3281405234375 0.25070251875
0 0.8993033562500001 0.237570284375 0.7573697015625 0.238162665625 0.755478484375 0.264012859375 0.9003474578124999 0.26308845000000003 0.8993033562500001 0.237570284375
1 0.9291253953125 0.47490174375 0.1239975796875 0.45696135 0.11892350468749999 0.5272024390625 0.9248275093749999 0.546171075 0.9291253953125 0.47490174375
1 0.9308867031249999 0.5489594234374999 0.115105015625 0.5289459859375001 0.10847277343749999 0.6010469984375 0.9296037484375 0.622459865625 0.9308867031249999 0.5489594234374999
1 0.10699678593749999 0.641867253125 0.9260560796874999 0.660158315625 0.9257399953125001 0.6251154921875 0.1114022625 0.60817810625 0.10699678593749999 0.641867253125
1 0.10285518125 0.6839009109374999 0.9282732765624999 0.698682565625 0.925885453125 0.6605179140625 0.11150026093750001 0.6463027671875 0.10285518125 0.6839009109374999
1 0.096464834375 0.721900990625 0.92768406875 0.7324383078125 0.92819725 0.7030381234374999 0.10316450625 0.6864587015625 0.096464834375 0.721900990625
1 0.0919790515625 0.758656578125 0.9336743984375 0.770542771875 0.924546184375 0.737244603125 0.09256826093750001 0.7249008156250001 0.0919790515625 0.758656578125
1 0.0874975765625 0.7967013078125 0.9425634171875 0.8081289859374999 0.9376289312500001 0.775051290625 0.0918555078125 0.7657343953125 0.0874975765625 0.7967013078125
4 0.0043777875 0.9666580171874999 0.9569347921875 0.9812117484374999 0.9546706265625 0.9359693015625 0.001852440625 0.9356762265624999 0.0043777875 0.9666580171874999
3 0.7442846203125 0.206677071875 0.43206433281249995 0.21025508125 0.4317340265625 0.23707680312499999 0.7438124203125 0.233729415625 0.7442846203125 0.206677071875