2 0.500009159375 0 0 0.017777040625 0 0.4451365546875 0.0104028125 0.7044006703125001 0.028908384375000002 0.807130328125 0.0410017984375 0.909323753125 0.0814632125 1 0.38717644375 1 0.9023096781250001 0.98226638125 0.9329493375 0.941265953125 0.9387859484375 0.8642903328125 0.9325973234375 0.7786132640625001 0.9195153546875 0.7091393546875 0.9644126328124999 0.621678328125 0.9984358125 0.4464799828125 0.9828443874999999 0 0.500009159375 0
0 0.8956819921875001 0.869893384375 0.7031613984375 0.8848710687500001 0.7039466078125 0.9073565406249999 0.8995686781250001 0.8957640421875 0.8956819921875001 0.869893384375
0 0.2667041453125 0.9120142359375001 0.1285536328125 0.9199136265625001 0.1293282375 0.9420953624999999 0.271112465625 0.9373360843749999 0.2667041453125 0.9120142359375001
0 0.8810357625 0.7074596875 0.683969209375 0.71985984375 0.6846711703125 0.739961396875 0.880219603125 0.7301716468749999 0.8810357625 0.7074596875
0 0.257222253125 0.7490344390625 0.112600196875 0.7575394375 0.114978384375 0.7829679890625 0.25668652187499996 0.7749481859375 0.257222253125 0.7490344390625
1 0.879130578125 0.45289083750000003 0.07333829375 0.4761259546875 0.07277624687499999 0.5475225484374999 0.877739590625 0.5233012218749999 0.879130578125 0.45289083750000003
1 0.8857022609375 0.37860053125 0.0645759546875 0.400191684375 0.0671414734375 0.4736585421875 0.8828525828125 0.45094983749999995 0.8857022609375 0.37860053125
1 0.068295428125 0.397337484375 0.8824035734375 0.3716325140625 0.8850398578125 0.337758971875 0.06614577656250001 0.362359228125 0.068295428125 0.397337484375
1 0.06629735 0.3619911921875 0.8803104171875 0.3335652296875 0.886975915625 0.29556616562500004 0.061915415625000005 0.3240038125 0.06629735 0.3619911921875
1 0.061763384374999994 0.319650246875 0.88653315 0.29302806875 0.8913687343750001 0.25728371875 0.060737176562499995 0.2902634953125 0.061763384374999994 0.319650246875
1 0.06361921875 0.2852995625 0.8951029687500001 0.2540840734375 0.8939247296874999 0.22034373437500002 0.052760821874999995 0.2525247625 0.06361921875 0.2852995625
1 0.048575753124999996 0.24822938749999998 0.89367768125 0.21326915156249998 0.8964089562499999 0.182116603125 0.041916875 0.2154552734375 0.048575753124999996 0.24822938749999998
4 0.0231356125 0.0884238015625 0.974663334375 0.0388498234375 0.9705199859375 0.0080426578125 0.01850674375 0.0433618546875 0.0231356125 0.0884238015625
3 0.5819327546874999 0.7589901046875001 0.2704572421875 0.7786658265625 0.27140149999999996 0.8057058078124999 0.5830066406250001 0.7857923546875 0.5819327546874999 0.7589901046875001