2 0.5034370421875 0 0.0113455453125 0.0606684453125 0 0.10287117500000001 0 0.5069864875000001 0.057935620312500005 1 0.5278160890625 1 1 0.9423259421875001 1 0.4730422984375 0.9396602578125 0.3071695921875 0.881633821875 0.22780883749999997 0.8836866156250001 0.157143796875 0.8763962031249999 0.07155344062499999 0.8594340687500001 0 0.5034370421875 0
0 0.64045304375 0.0880858875 0.8329464171875 0.07276231562499999 0.8327381890625001 0.0466021578125 0.637711084375 0.06575441562499999 0.64045304375 0.0880858875
0 0.06743779062500001 0.14336322031249998 0.20512317812499997 0.1295538546875 0.205516015625 0.1038541484375 0.0647328703125 0.121333403125 0.06743779062500001 0.14336322031249998
0 0.6473105859375 0.2540678703125 0.8438907359375 0.23548735937499998 0.8395316906250001 0.21318269843749998 0.6448593296875 0.23410399062499998 0.6473105859375 0.2540678703125
0 0.0770816875 0.30623398125 0.22125368124999997 0.2920103953125 0.2166707421875 0.26649949687499996 0.07545269375 0.2807464671875 0.0770816875 0.30623398125
1 0.08232593125 0.5903247125 0.8818323484375 0.48722008125 0.869443875 0.4178941640625 0.070601915625 0.5198950531250001 0.08232593125 0.5903247125
1 0.08555020625000001 0.6666948374999999 0.8999446859375 0.5595677125 0.88581216875 0.488554934375 0.0765913921875 0.59373114375 0.08555020625000001 0.6666948374999999
1 0.89777665 0.5669659703125001 0.089670384375 0.66893204375 0.093019003125 0.7038159390625001 0.9056794671875 0.60001006875 0.89777665 0.5669659703125001
1 0.9016643 0.604892025 0.0932262828125 0.7041557328125 0.0948408328125 0.742360909375 0.9141920984375 0.64138054375 0.9016643 0.604892025
1 0.9141518281250001 0.6439566578125 0.09537172187500001 0.746684659375 0.0989552484375 0.7758701453125 0.9245195265625 0.6785044828125 0.9141518281250001 0.6439566578125
1 0.9287083218750001 0.681080571875 0.1025783390625 0.7803221125 0.09698073593749999 0.8143920281250001 0.9328227421875 0.714589828125 0.9287083218750001 0.681080571875
1 0.9336854421874999 0.7216159578125 0.0935191359375 0.819289209375 0.092069240625 0.8527014968750001 0.9412564234374999 0.7519577015625 0.9336854421874999 0.7216159578125
4 1 0.8855366734375 0.0933913078125 0.9811070375 0.09442609375 1 0.31430526875 1 1 0.9173213609375 1 0.8855366734375
3 0.2296903546875 0.2606734109375 0.540409046875 0.23138138593750002 0.5372769171875 0.2047411234375 0.22639300156250003 0.23381862187500002 0.2296903546875 0.2606734109375