2 0 1 1 0.9993681234375 0.9964324187500001 0.312810540625 0.9815233328125 0.209497628125 0.9730037859375 0.1069444015625 0.9314710500000001 0.004391159375 0.1147662515625 0.003986996875 0.0827143625 0.043893140625 0.074194896875 0.12061817500000001 0.077389665625 0.20645903125 0.0880390609375 0.276347171875 0.0401167875 0.362188028125 0 0.5360922546875 0 1
0 0.1174681390625 0.1165228421875 0.31039416875 0.10827315312500001 0.31039416875 0.08577397656249999 0.11448669375000001 0.0905323015625 0.1174681390625 0.1165228421875
0 0.7475328265625001 0.096378659375 0.8858748656250001 0.0933054640625 0.8858748656250001 0.0711102078125 0.7440109109375 0.0709183890625 0.7475328265625001 0.096378659375
0 0.1264365921875 0.279368734375 0.3238158578125 0.27385365625 0.3238158578125 0.25373985 0.128044890625 0.2566990953125 0.1264365921875 0.279368734375
0 0.7513210296875 0.2595900875 0.89615180625 0.25613750625 0.8946625109375 0.23064144843749998 0.7527608109374999 0.2337108234375 0.7513210296875 0.2595900875
1 0.11945629218750001 0.5338489984375 0.9255686031250001 0.5387497812500001 0.9286220125 0.4674162953125 0.12330371874999999 0.46353005156249993 0.11945629218750001 0.5338489984375
1 0.11029591875 0.6078647 0.9316755375 0.6149435953125 0.9316755375 0.5414319562500001 0.1156688140625 0.5356589203125 0.11029591875 0.6078647
1 0.9278587187499999 0.6176662484375 0.113349415625 0.6149435953125 0.1095325671875 0.6487044984375 0.9287863375000001 0.65269821875 0.9278587187499999 0.6176662484375
1 0.9286220125 0.653060740625 0.1141127671875 0.653060740625 0.10612518124999999 0.6908040343749999 0.9316755375 0.69117790625 0.9286220125 0.653060740625
1 0.9316755375 0.6955341265625 0.10647910000000001 0.6933560375 0.10039900156249999 0.728909853125 0.9316755375 0.724938790625 0.9316755375 0.6955341265625
1 0.9286220125 0.7297991171875 0.096555375 0.7319772265625 0.096555375 0.76573813125 0.9383299703124999 0.7629329046875 0.9286220125 0.7297991171875
1 0.9423625843749999 0.7673717203125 0.096555375 0.7728170265625 0.0927385546875 0.8038552781250001 0.9478736046874999 0.800358259375 0.9423625843749999 0.7673717203125
4 0.9622100921875001 0.9279678046875001 0.009531909375 0.9443037453124999 0.012597578125 0.97523674375 0.9652635015625 0.9731638453125001 0.9622100921875001 0.9279678046875001
3 0.42715578125000003 0.23830825312499998 0.7391282234375 0.22951485625 0.7391282234375 0.2024583921875 0.42701793437499996 0.2114848515625 0.42715578125000003 0.23830825312499998