2 0.4952849875 0 0.049483651562499995 0.0624283359375 0.023297551562499998 0.106406878125 0.025539057812499998 0.183570909375 0.0406494734375 0.2681317421875 0.060921778125000006 0.3358576265625 0.025412620312500002 0.427532578125 0.0098890359375 0.6053275578124999 0.06535663124999999 1 0.5328614843749999 1 1 0.9340469328125 1 0.4817579109375 0.965549434375 0.2455422171875 0.936407065625 0.14530968125 0.9136977796875 0.0449401875 0.8877020484375 0 0.4952849875 0
0 0.25459027968750003 0.1161932265625 0.06125159375 0.1481702953125 0.06782120781249999 0.1734929609375 0.257721559375 0.13847344374999998 0.25459027968750003 0.1161932265625
0 0.8224296359375 0.0215807328125 0.6819195953125 0.0411344265625 0.6889506203125 0.06585676406249999 0.82551861875 0.043559985937500004 0.8224296359375 0.0215807328125
0 0.29125768124999996 0.2806565296875 0.097803790625 0.31083302968750004 0.0993661484375 0.33350588124999997 0.29405698125 0.300574590625 0.29125768124999996 0.2806565296875
0 0.8533342171875 0.178336421875 0.7132406703124999 0.201124825 0.7154165984375 0.2269526125 0.8583573843750001 0.20337708437500002 0.8533342171875 0.178336421875
1 0.9199159171875 0.40808074375 0.121894065625 0.5163109640625 0.1278705875 0.5864810296875 0.9268199265625 0.47914496875 0.9199159171875 0.40808074375
1 0.9332407140625 0.4809511203125 0.1243718609375 0.588800453125 0.12910035625 0.66105129375 0.9434715578124999 0.5537473484375 0.9332407140625 0.4809511203125
1 0.1340282359375 0.7015998796875 0.9458649031249999 0.5915366453125 0.940070803125 0.5569747046875 0.1331093296875 0.6676363328125 0.1340282359375 0.7015998796875
1 0.1365131328125 0.7437639218750001 0.9540813234375 0.629239753125 0.9457526296875001 0.591918509375 0.13917013281249999 0.7052762875 0.1365131328125 0.7437639218750001
1 0.136145984375 0.782295828125 0.9587799296874999 0.6626720781250001 0.9546875921875 0.633553578125 0.137218778125 0.7462418343749999 0.136145984375 0.782295828125
1 0.1374652703125 0.819300625 0.9706573609375001 0.69937031875 0.9564325484375 0.6679100734375 0.1327666609375 0.7858682796875 0.1374652703125 0.819300625
1 0.13899047656250002 0.8575780171874999 0.9853167203125001 0.735103234375 0.97526849375 0.7032047046875001 0.13845046249999998 0.8263106296875 0.13899047656250002 0.8575780171874999
4 1 0.862206046875 0.12826790937500002 1 0.35277906406250004 1 1 0.9076024921875 1 0.862206046875
3 0.69539125625 0.1720738296875 0.38757464218750004 0.2244498015625 0.39144424375 0.250992975 0.6991567875 0.19886698281249998 0.69539125625 0.1720738296875