2 0.095107984375 0 0 0.447447884375 0 0.9037768859374999 0.449412759375 1 0.757909140625 1 0.8460045875000001 0.749157721875 1 0.2697445453125 1 0.097104721875 0.5479558265625 0 0.095107984375 0
3 0.46300226093749997 0.9358454296875 0.2801164296875 0.9005948578125 0.2787496421875 0.9219724453125 0.46153700625000005 0.9557193015625 0.46300226093749997 0.9358454296875
0 0.6204129921875 0.7794126171875 0.218630896875 0.6965990609375 0.209238365625 0.7215733515625 0.614174325 0.8055178968750001 0.6204129921875 0.7794126171875
1 0.8217278390624999 0.7539222671875 0.154508196875 0.6121003546875 0.1499155609375 0.6436397703125001 0.8153071078125 0.7841294343749999 0.8217278390624999 0.7539222671875
1 0.8335618796875 0.727453609375 0.161455215625 0.5794172 0.15533229531249998 0.60598471875 0.8259749578125 0.750166878125 0.8335618796875 0.727453609375
1 0.1628235671875 0.5729796125 0.8349018828125001 0.7179045453125 0.843574278125 0.690831578125 0.16948321718749998 0.5448935171875 0.1628235671875 0.5729796125
1 0.8531566546875 0.6612287109375 0.17685126874999998 0.5102295578125 0.1695378875 0.5391526625 0.8450434453125 0.6864179781249999 0.8531566546875 0.6612287109375
1 0.18968108749999998 0.4725859359375 0.867516984375 0.6228752984375 0.8768164875 0.595350303125 0.194541221875 0.4377496484375 0.18968108749999998 0.4725859359375
1 0.86326986875 0.6266306671875 0.18619917187499999 0.47598642812499997 0.17838650312499998 0.5015803078125 0.858351096875 0.6530165203125 0.86326986875 0.6266306671875
1 0.19007696093749998 0.43178183125 0.880164634375 0.589333553125 0.886824340625 0.56124745 0.2012135296875 0.40230179687499995 0.19007696093749998 0.43178183125
4 0.561642625 0.44094594374999996 0.897781290625 0.5242985906250001 0.9177001890625001 0.4695292078125 0.5772496078125 0.3858614703125 0.561642625 0.44094594374999996