2 0.4364547609375 0 0.05214597343750001 0.102364034375 0.0365883984375 0.12230841875000001 0.078592415625 0.43508163906249997 0.1700095546875 1 0.5610715 1 1 0.8834038062499999 1 0.43417374999999997 0.9375641640625 0.2011600375 0.8667191671875001 0 0.4364547609375 0
3 0.33509554218750004 0.09486225781249999 0.5140514359374999 0.043242315625 0.5055640312499999 0.0235742390625 0.3273785453125 0.07648929531250001 0.33509554218750004 0.09486225781249999
0 0.26586056406249997 0.3057078890625 0.6614476015624999 0.197090053125 0.658478315625 0.170573678125 0.259567709375 0.2796156203125 0.26586056406249997 0.3057078890625
1 0.09806009843749999 0.41981498437500003 0.7569429546875 0.24326785625 0.7467164281249999 0.21308101875 0.09006724687499999 0.3899852515625 0.09806009843749999 0.41981498437500003
1 0.09953241093750001 0.448771275 0.7655909578125 0.275542640625 0.75898511875 0.24909106093750003 0.0959808015625 0.4250892140625 0.09953241093750001 0.448771275
1 0.7672943515624999 0.2818997921875 0.10267364375000002 0.45788789999999996 0.107237353125 0.485947278125 0.7741113796875 0.3099481046875 0.7672943515624999 0.2818997921875
1 0.11213881249999999 0.5166739328125 0.7832835046875 0.34417894375 0.7766689609374999 0.3150880625 0.1079320484375 0.4905468125 0.11213881249999999 0.5166739328125
1 0.7889419015625 0.383544271875 0.1167557515625 0.5573665265625001 0.12096591875 0.5861133640625 0.8004268328125 0.4167900859375 0.7889419015625 0.383544271875
1 0.11883505624999999 0.55209231875 0.7905005187499999 0.378933653125 0.7858422796875 0.3525824640625 0.1112387890625 0.5263492765625 0.11883505624999999 0.55209231875
1 0.80711385 0.42008071874999997 0.1207142453125 0.5929943546875001 0.1275312296875 0.6210426984375 0.81057475 0.45140351718750005 0.80711385 0.42008071874999997
4 0.471886 0.580602715625 0.1345429453125 0.658938725 0.14165985625 0.7167815921875 0.482987903125 0.6367687625 0.471886 0.580602715625