2 0.468967403125 0 0.10394384375000001 0.05074827656250001 0.0860716234375 0.06864800625 0.08964508125000001 0.384208865625 0.11321663906249999 1 0.5265413734375 1 1 0.9345010265625 1 0.4650365984375 0.97072205625 0.256713203125 0.9142736125 0 0.468967403125 0
3 0.3856985859375 0.07778529375 0.5696114578125 0.048359357812499996 0.5635842515625 0.027803528124999997 0.38027821093749997 0.058608817187499995 0.3856985859375 0.07778529375
0 0.29128405625 0.27862169375 0.69715963125 0.2190234109375 0.6974440125 0.1923428203125 0.2882179546875 0.25195700625 0.29128405625 0.27862169375
1 0.11082819375 0.3714285203125 0.78631551875 0.2764949671875 0.7798440703125 0.2452868375 0.1065302484375 0.34084705 0.11082819375 0.3714285203125
1 0.108760646875 0.4003484046875 0.7909657546875 0.3095831078125 0.787632790625 0.28252364375 0.10812162656249999 0.3764100328125 0.108760646875 0.4003484046875
1 0.791881709375 0.316100465625 0.110767428125 0.40977989531250003 0.11187754218749998 0.4381862984375 0.7952296953125 0.34477049531250004 0.791881709375 0.316100465625
1 0.11299782968750001 0.46928125937500004 0.8001617624999999 0.37986398593750004 0.797141809375 0.35018383124999997 0.11200651718750002 0.4428362109375 0.11299782968750001 0.46928125937500004
1 0.8009805546875001 0.41962547499999997 0.11262117499999999 0.5102331999999999 0.113296603125 0.539278853125 0.808328234375 0.45402314062500004 0.8009805546875001 0.41962547499999997
1 0.11532774531250001 0.5052517078125 0.8030894484375001 0.415239171875 0.8016773328125 0.388516703125 0.11092538593750001 0.4787747984375 0.11532774531250001 0.5052517078125
1 0.8145643796875 0.45810418750000004 0.1122082234375 0.5460778828125 0.11555616093750001 0.5747479390625 0.81418219375 0.4896152890625 0.8145643796875 0.45810418750000004
4 0.46227255781250004 0.57657568125 0.1178972484375 0.613216009375 0.1179118390625 0.67149505625 0.4664467890625 0.63367605625 0.46227255781250004 0.57657568125