2 0.0878318078125 0 0 0.4518554734375 0 0.911046040625 0.45402910937499996 1 0.76507773125 1 0.8503002921875 0.7430811625 1 0.2474979625 1 0.0898373875 0.54309166875 0 0.0878318078125 0
3 0.4706144484375 0.936424746875 0.2871412625 0.9043713421874999 0.286147775 0.9257695281249999 0.46949626406249995 0.9563211640624999 0.4706144484375 0.936424746875
0 0.6252710765625 0.777268565625 0.2221048765625 0.7014796859375 0.21314963750000002 0.7266140953125 0.6194889578125 0.8034787484375 0.6252710765625 0.777268565625
1 0.8261103921874999 0.74826866875 0.1565172375 0.6181129453125 0.1524757390625 0.6497277078125 0.8202178265625 0.7785832921875 0.8261103921874999 0.74826866875
1 0.8374806906250001 0.721597509375 0.16289279843749999 0.5853135265625 0.157234478125 0.6119838578125 0.8302913234375 0.7444397281249999 0.8374806906250001 0.721597509375
1 0.164148590625 0.5788530375 0.8386538328125 0.7120265140625001 0.8468524203125 0.684806315625 0.17031705625 0.5506549921875 0.164148590625 0.5788530375
1 0.855916696875 0.6550407218750001 0.17707901718750002 0.5158677218750001 0.1702715265625 0.544914059375 0.8482443359375 0.680367746875 0.855916696875 0.6550407218750001
1 0.189249909375 0.478005921875 0.869605478125 0.616442528125 0.8784231890624999 0.5887594265625 0.19350132656250002 0.4430901203125 0.189249909375 0.478005921875
1 0.8654245515625 0.6202714484375 0.1858278703125 0.481466665625 0.178463065625 0.5071929953125001 0.8609670250000001 0.6467391265625 0.8654245515625 0.6202714484375
1 0.18893359375000002 0.4372011234375 0.8816658203125 0.582685159375 0.887834340625 0.5544871062500001 0.19955396875 0.4075312203125 0.18893359375000002 0.4372011234375
4 0.5606026 0.43987912500000004 0.8981447765624999 0.5173526484375001 0.9171047828125 0.4622439765625 0.5752458500000001 0.3845306625 0.5606026 0.43987912500000004