2 0 1 0.9583657109375 0.9979324265624999 0.8902463609375 0.3282253703125 0.849867459375 0.0152381984375 0.829678009375 0 0.0248918421875 0.0011946484375 0 0.3245927015625 0 1
3 0.3682097671875 0.06244273593750001 0.5544281109375 0.0659865765625 0.5571268859375 0.046242353125 0.3713174984375 0.0412481296875 0.3682097671875 0.06244273593750001
0 0.2656547296875 0.24919717343749997 0.6758748296875 0.2517284875 0.675200084375 0.2248965796875 0.2616598953125 0.2228158140625 0.2656547296875 0.24919717343749997
1 0.1853649953125 0.318517521875 0.8674907218750001 0.318517521875 0.8674907218750001 0.287635509375 0.1874301328125 0.28671245624999997 0.1853649953125 0.318517521875
1 0.1853649953125 0.3519308375 0.8735630171875 0.3468682125 0.870864240625 0.3230738734375 0.18489957343750002 0.32467085625 0.1853649953125 0.3519308375
1 0.8728883749999999 0.3564872078125 0.1853649953125 0.3585122453125 0.18603968906249999 0.3873692109375 0.875742471875 0.384771659375 0.8728883749999999 0.3564872078125
1 0.18603968906249999 0.422807584375 0.8789606687499999 0.4157199203125 0.8762618953124999 0.38939426875 0.18489957343750002 0.3929959796875 0.18603968906249999 0.422807584375
1 0.8850330671875 0.4562208984375 0.1907625953125 0.462296071875 0.188273653125 0.49738158125 0.8884065859374999 0.48507788281249997 0.8850330671875 0.4562208984375
1 0.1880637703125 0.45824595625000003 0.881659546875 0.45166456874999994 0.8823341890625 0.42483264062500004 0.18574309375 0.43158702031249996 0.1880637703125 0.45824595625000003
1 0.8904306156249999 0.49165927187499997 0.18266616875 0.502290815625 0.1874301328125 0.5334420625 0.8911053609374999 0.52051625625 0.8904306156249999 0.49165927187499997
4 0.8941407765625 0.5589357734375 0.54801755625 0.57057980625 0.551830784375 0.627705425 0.9022372046875 0.616649684375 0.8941407765625 0.5589357734375