2 0.4435665203125 0 0 0.102690690625 0 0.1241469203125 0.12277384375 1 0.3010565 1 0.8818627359375 0.8621111593749999 0.6474371515625 0 0.4435665203125 0
3 0.5630800265625 0.14996375312500002 0.09709465 0.26379983125 0.10809080156249999 0.3054634796875 0.5741395140625001 0.1978676578125 0.5630800265625 0.14996375312500002
0 0.44139254218749996 0.3510536 0.28641044843749996 0.386732225 0.28684259375 0.40980047031250005 0.44629031875 0.37226820156249996 0.44139254218749996 0.3510536
0 0.660732753125 0.28167369062500003 0.46410890781249997 0.324089221875 0.47884343124999995 0.367635975 0.6703703046875 0.32341851250000003 0.660732753125 0.28167369062500003
1 0.12566879375 0.75171661875 0.7525001390625 0.604263646875 0.731336503125 0.5500426843749999 0.10813800625 0.6968026734375 0.12566879375 0.75171661875
1 0.1118485421875 0.6918545328125 0.725986378125 0.547673775 0.7218785640625 0.5298808796875 0.1071684203125 0.6717978984374999 0.1118485421875 0.6918545328125
1 0.1102890671875 0.664291209375 0.7198246609375001 0.5209844453125 0.714294915625 0.4970324921875 0.1038648890625 0.6408446484375 0.1102890671875 0.664291209375
1 0.103378940625 0.634360165625 0.7165210609375 0.4900312109375 0.7044849906249999 0.471185446875 0.094055028125 0.614997559375 0.103378940625 0.634360165625
1 0.097850840625 0.6104153328125 0.7067112812499999 0.46418415937499996 0.696621359375 0.44128495 0.0916635171875 0.583833753125 0.097850840625 0.6104153328125
1 0.0955016359375 0.57943131875 0.6938852343749999 0.44191663437499995 0.688355490625 0.41796468124999997 0.089429990625 0.55335425 0.0955016359375 0.57943131875
1 0.0914642671875 0.5515393093750001 0.6913715921875 0.41438508125 0.68520988125 0.387695778125 0.085846409375 0.52534890625 0.0914642671875 0.5515393093750001
4 0.37585601875 0.8678017640625001 0.7908806265625 0.77050780625 0.7798211390625001 0.7226039015625 0.3607600640625 0.8215142468750001 0.37585601875 0.8678017640625001