2 0.5245555765625001 1 0.8052285828124999 0.9706733234374999 0.7431664484375 0.033294826562500004 0 0.10674830625000001 0 0.2499676890625 0.14606979375 1 0.5245555765625001 1
3 0.6684649578124999 0.761534278125 0.19277746875 0.811531046875 0.1959447609375 0.8545047968749999 0.6736039921875 0.8104289250000001 0.6684649578124999 0.761534278125
0 0.4908019046875 0.63825895 0.32782180625 0.65468259375 0.3349234921875 0.6766347406250001 0.49307776406250003 0.6599123109375 0.4908019046875 0.63825895
0 0.718577596875 0.61149393125 0.5230895828125 0.6320405499999999 0.5233352531250001 0.67801190625 0.7230558984375001 0.6541021140625001 0.718577596875 0.61149393125
1 0.06541452187499999 0.44149720156249994 0.7024406562500001 0.37736791406250003 0.7047986484375001 0.31921078125 0.06411197656249999 0.38386758125 0.06541452187499999 0.44149720156249994
1 0.0726385203125 0.46545534843749997 0.700062040625 0.39951047812499996 0.6981532546875 0.3813495921875 0.0705338609375 0.44496772812499996 0.0726385203125 0.46545534843749997
1 0.0795923625 0.49579774531250004 0.70358595 0.43303823281250003 0.7010164328124999 0.40859090781249996 0.0780330875 0.471537078125 0.0795923625 0.49579774531250004
1 0.0787319453125 0.5234304265625 0.7027254578125001 0.46067089375 0.7079702046875 0.4389333125 0.0812440296875 0.502087153125 0.0787319453125 0.5234304265625
1 0.0866166703125 0.553674984375 0.7050248984375 0.49150251718750004 0.707109853125 0.4665659328125 0.0838127828125 0.5265272125 0.0866166703125 0.553674984375
1 0.094427984375 0.5832210859375 0.7048017015625 0.5162433671875 0.702232184375 0.49179604374999997 0.091678975 0.5565879984375 0.094427984375 0.5832210859375
1 0.100157290625 0.610867359375 0.7116820609375 0.5458872890625 0.7088188859375 0.518646 0.0969423171875 0.5842748515625 0.100157290625 0.610867359375
4 0.2636712546875 0.2413343953125 0.69210334375 0.1984230234375 0.686964309375 0.149528375 0.26287501875 0.1926539265625 0.2636712546875 0.2413343953125