2 0.7906183312499999 0.9387306984375 0.7543577499999999 0 0.09919995000000001 0.00040000156249999996 0.016346823437499998 0.943532175 0.7906183312499999 0.9387306984375
3 0.1618966046875 0.2222890515625 0.6402043125 0.2222890515625 0.6402043125 0.173125078125 0.16055456562499998 0.17921964375 0.1618966046875 0.2222890515625
0 0.3125962828125 0.3641622953125 0.47640029687499996 0.363459909375 0.47640029687499996 0.3416872765625 0.317364440625 0.3415880765625 0.3125962828125 0.3641622953125
0 0.5091611 0.3662692640625 0.7057259171875 0.3662692640625 0.7057259171875 0.3234263828125 0.504600109375 0.3205240640625 0.5091611 0.3662692640625
1 0.714150209375 0.600799484375 0.073910434375 0.6036088656249999 0.078638959375 0.6610589390625 0.722574359375 0.6583915484375 0.714150209375 0.600799484375
1 0.7094700953124999 0.5790268515625 0.07859055000000001 0.5790268515625 0.078638959375 0.5996222343750001 0.7094700953124999 0.5972877734375001 0.7094700953124999 0.5790268515625
1 0.7094700953124999 0.5453144171875 0.0823346546875 0.5481237984375 0.0833198515625 0.5724145515625 0.7094700953124999 0.5698964046875 0.7094700953124999 0.5453144171875
1 0.7057259171875 0.5179230765625 0.07859055000000001 0.5207324296875 0.0833198515625 0.5416961984374999 0.7132141296875 0.5389933515625 0.7057259171875 0.5179230765625
1 0.7047899796875 0.48701999531249995 0.0832706640625 0.4898293765625 0.0833198515625 0.5171215171875 0.7094700953124999 0.5116020375 0.7047899796875 0.48701999531249995
1 0.7019818828125 0.4624380078125 0.08795077812499999 0.45962862812500005 0.08800074375 0.48640316562499997 0.7019818828125 0.48701999531249995 0.7019818828125 0.4624380078125
1 0.7057259171875 0.4322372859375 0.09075887656250001 0.43153492812499994 0.09034118906250001 0.45831781562499996 0.7057259171875 0.45962862812500005 0.7057259171875 0.4322372859375
4 0.722574359375 0.7798446390625 0.29200380625 0.7819516875 0.2963004265625 0.8304487093749999 0.722574359375 0.8290086125 0.722574359375 0.7798446390625