2 1 0.16069849375 0.31552313125000003 0.007139040625 0.1396858953125 0.9299669890625 0.4438794078125 1 0.8031768593749999 1 1 0.3949766953125 1 0.16069849375
3 0.76696645625 0.84664995 0.30091774375 0.7390541265625 0.28985825625 0.78695803125 0.758585590625 0.8889173843749999 0.76696645625 0.84664995
0 0.6520437375 0.67451285625 0.49228000625 0.6383493546875 0.4873822296875 0.65956395625 0.6423196921875001 0.6954358984375 0.6520437375 0.67451285625
0 0.46099082812500003 0.6282424265625 0.2694639546875 0.5840249640625 0.259826403125 0.625769784375 0.45514449062500006 0.6738411796875 0.46099082812500003 0.6282424265625
1 0.31401339687499996 0.353610684375 0.938475840625 0.49489592031249996 0.9467919625000001 0.4378546015625 0.318760553125 0.2955996796875 0.31401339687499996 0.353610684375
1 0.31367578281249997 0.3758780828125 0.9283859265625001 0.5177951015625 0.9329717109375 0.4977166875 0.317783596875 0.3580851875 0.31367578281249997 0.3758780828125
1 0.3060921359375 0.40872647031250003 0.9177861093749999 0.547063871875 0.9222903921875 0.5231740671875 0.3116218796875 0.3847745171875 0.3060921359375 0.40872647031250003
1 0.30357863906250004 0.436258028125 0.9152725343749999 0.574595440625 0.9153802671875001 0.5531051109375 0.30102212968750003 0.41404330156249997 0.30357863906250004 0.436258028125
1 0.29753890781250003 0.46657960625 0.9037606968749999 0.6036536546875 0.9098521671875 0.5770499453125 0.2985085 0.44157480312499997 0.29753890781250003 0.46657960625
1 0.294745290625 0.49116324375 0.8924068437500001 0.6320275625 0.8983811203125001 0.605928015625 0.30027503437499997 0.467211290625 0.294745290625 0.49116324375
1 0.28430353125 0.5197476984375 0.883351009375 0.6587695390625 0.88978283125 0.6327670546874999 0.2904652421875 0.49305839375 0.28430353125 0.5197476984375
4 0.346081553125 0.1772594234375 0.76609059375 0.2720636796875 0.7728135515625 0.22384310312500003 0.357141040625 0.1293555203125 0.346081553125 0.1772594234375