2 0.44761569687499997 0 0 0.1022904890625 0 0.1298193609375 0.11737784375 1 0.5569678031249999 1 1 0.8977179578125 1 0.7430096515625 0.755299609375 0 0.44761569687499997 0
3 0.4355305171875 0.0699006125 0.2666606828125 0.11505545937499999 0.2684615265625 0.135176296875 0.44087922187500006 0.0930684 0.4355305171875 0.0699006125
0 0.3671374140625 0.3397606734375 0.088312109375 0.4116915984375 0.08750973749999999 0.4324038578125 0.37188060312500004 0.360305684375 0.3671374140625 0.3397606734375
1 0.1575661953125 0.5234335953125 0.7878441421875 0.367374415625 0.7787917156249999 0.34321998125 0.14582728125 0.5013224515625 0.1575661953125 0.5234335953125
1 0.1741457109375 0.7250758828125 0.8538358625000001 0.5700163328125 0.8521954296875001 0.541430965625 0.1686998125 0.7014871031250001 0.1741457109375 0.7250758828125
1 0.1748709953125 0.6949802171874999 0.8473398484375 0.541879003125 0.8373602546875001 0.5104102765625 0.1721678609375 0.6684995234375 0.1748709953125 0.6949802171874999
1 0.8306766578125 0.481460434375 0.1694713984375 0.6391031671875 0.1681205796875 0.6694339125 0.8366176359375 0.507193634375 0.8306766578125 0.481460434375
1 0.8276022640624999 0.45337136562499997 0.158927428125 0.6119003828125 0.1644940953125 0.6352607984375 0.8224014328125 0.47885343750000003 0.8276022640624999 0.45337136562499997
1 0.8072817015625 0.42813453749999997 0.1570980375 0.5855082578124999 0.15818180312500002 0.60791925625 0.8190793796875001 0.44969219843749997 0.8072817015625 0.42813453749999997
1 0.1643499296875 0.575366296875 0.8085960375000001 0.42274894375 0.801340725 0.4024013375 0.16124139843750002 0.554697371875 0.1643499296875 0.575366296875
1 0.7839519984375001 0.3747189734375 0.1537829578125 0.5298739234375 0.1474069421875 0.55344644375 0.794874921875 0.39655321093749996 0.7839519984375001 0.3747189734375
1 0.17764841874999998 0.7587128765625 0.8573665921875 0.60377775625 0.8588121453124999 0.573784359375 0.1692791140625 0.7335403203124999 0.17764841874999998 0.7587128765625
4 0.367788665625 0.8840433687499999 0.9107076328125 0.761638225 0.903652725 0.7310800609375 0.352917896875 0.8531450578124999 0.367788665625 0.8840433687499999