2 0.946314365625 1 0.8549578546875001 0.00168493125 0.09858498437499999 0 0.005504521875 1 0.946314365625 1
3 0.35646331875000004 0.09244188125 0.5339341765625 0.09019875000000001 0.5339341765625 0.066421553125 0.359234834375 0.0724316375 0.35646331875000004 0.09244188125
0 0.113287659375 0.3413462234375 0.406588678125 0.335065446875 0.406588678125 0.31398001875000003 0.1187287109375 0.3213453125 0.113287659375 0.3413462234375
1 0.8069141328124999 0.4099527328125 0.15460721875 0.42161703125 0.16107133906249999 0.4458021484375 0.8103009812499999 0.43552444375 0.8069141328124999 0.4099527328125
1 0.83384874375 0.6195958265625 0.131866278125 0.621796675 0.131866278125 0.6460059359375 0.8290168250000001 0.6478175687500001 0.83384874375 0.6195958265625
1 0.82637193125 0.58603300625 0.14266603125 0.59043470625 0.139343025 0.616844775 0.8290168250000001 0.6189401125 0.82637193125 0.58603300625
1 0.13851229062499998 0.59043470625 0.82637193125 0.5827317546875 0.82637193125 0.556321665625 0.1466514203125 0.5611852046875 0.13851229062499998 0.59043470625
1 0.14266603125 0.556321665625 0.8188952468749999 0.551919965625 0.8296950000000001 0.5282609296875 0.1424969875 0.5323077484375001 0.14266603125 0.556321665625
1 0.14266603125 0.5282609296875 0.8222181890625 0.5227588265625001 0.815572303125 0.49909978749999995 0.1466514203125 0.506180528125 0.14266603125 0.5282609296875
1 0.815572303125 0.4726896984375 0.157619528125 0.4770913765625 0.155998890625 0.4979298265625 0.818064446875 0.49414788749999994 0.815572303125 0.4726896984375
1 0.1444210453125 0.47276043437500004 0.8105877609375 0.4655369703125 0.8048564265625 0.44180522031249997 0.1559363078125 0.45122636875 0.1444210453125 0.47276043437500004
1 0.83301794375 0.6526084421875 0.125220328125 0.6531586859375 0.12771253437500002 0.6795687546875 0.8248623937499999 0.68150793125 0.83301794375 0.6526084421875
4 0.841325428125 0.8159596 0.27724724843750004 0.8110076984375001 0.2847862734375 0.8444592828124999 0.841325428125 0.84732156875 0.841325428125 0.8159596