2 0.46941868593749997 0 0 0.0576373671875 0 0.07621645625 0.2002120390625 1 0.522538953125 1 0.9593576 0.9473528921875 0.9315353140625 0 0.46941868593749997 0
3 0.6921356203125 0.8870275218750001 0.5162609734375 0.9108821890625001 0.519158684375 0.9344821546875 0.6918233984375 0.9072263749999999 0.6921356203125 0.8870275218750001
0 0.9031648765625 0.6103428156249999 0.6128155140625 0.6523211796874999 0.61538518125 0.673249440625 0.9002018796875 0.630857740625 0.9031648765625 0.6103428156249999
1 0.206347559375 0.6267794921875 0.85237075625 0.535705921875 0.8430073953124999 0.51248885625 0.1998695484375 0.6018111421875 0.206347559375 0.6267794921875
1 0.15406465 0.42198155000000004 0.8505464281249999 0.3342469640625 0.8475960609375001 0.31021815468749997 0.1554211859375 0.3933813046875 0.15406465 0.42198155000000004
1 0.165576009375 0.45438300312499996 0.8436492375 0.3666913234375 0.843728896875 0.3400731390625 0.1589404625 0.42204351406249996 0.165576009375 0.45438300312499996
1 0.8477720171875 0.3661851109375 0.16597833125 0.4576596484375 0.1691969109375 0.48387288125000005 0.8432581718750001 0.3962085015625 0.8477720171875 0.3661851109375
1 0.8478065718750001 0.400550090625 0.1771542984375 0.48733059218749997 0.16931835625 0.5121294359374999 0.850900915625 0.42436441093750005 0.8478065718750001 0.400550090625
1 0.8512263140625 0.42840166718750006 0.1774099734375 0.5166793328125 0.18688963281249998 0.5393520921875 0.84996155625 0.45080318124999996 0.8512263140625 0.42840166718750006
1 0.1901082140625 0.5655653234375 0.842620278125 0.4810121828125 0.8416892671875 0.460131553125 0.18501955 0.544570796875 0.1901082140625 0.5655653234375
1 0.8562481906249999 0.48370235156249997 0.1959273 0.5720572734375 0.2045080859375 0.5949136578124999 0.8474431046875001 0.5064792640625 0.8562481906249999 0.48370235156249997
1 0.15086603125 0.38911375625 0.8533207718750001 0.3023087828125 0.8476285656250001 0.27639929531249996 0.155438828125 0.35943576875 0.15086603125 0.38911375625
4 0.12271297031249999 0.2279926203125 0.6831900828124999 0.1641637734375 0.6716305296875 0.131880309375 0.1188909078125 0.19686441875 0.12271297031249999 0.2279926203125