2 0.5027618 0 0.1194488078125 0.0209449140625 0.081347621875 1 0.5130929562500001 1 1 0.9744822828125 1 0.836734659375 0.8776681937499999 0 0.5027618 0
3 0.4446649890625 0.0925363453125 0.622010025 0.08548829531249999 0.618195053125 0.065650525 0.4434205859375 0.068791734375 0.4446649890625 0.0925363453125
0 0.584651296875 0.33040271250000003 0.8778790671875001 0.32132469218750004 0.8713987062499999 0.3016359546875 0.583547771875 0.30934618125 0.584651296875 0.33040271250000003
1 0.8408171843750001 0.403647990625 0.188793771875 0.42613878437499997 0.1867498859375 0.451852703125 0.8356276749999999 0.42813826875 0.8408171843750001 0.403647990625
1 0.8740035531249999 0.6023631265625 0.172867946875 0.6369042171875 0.1791702546875 0.6648343999999999 0.8752705671875001 0.626539209375 0.8740035531249999 0.6023631265625
1 0.8615772421875001 0.571609353125 0.1785779703125 0.6029960875 0.177658925 0.6359965187500001 0.866277890625 0.597809315625 0.8615772421875001 0.571609353125
1 0.17840519531250001 0.5996993609375 0.8657252906249999 0.5713919640625 0.8560665140625 0.5426085171875 0.1770229984375 0.573325465625 0.17840519531250001 0.5996993609375
1 0.18425906875 0.5685384984375 0.8597919031249999 0.5375430640625 0.8587039234375 0.513553209375 0.1722358984375 0.5454771015625 0.18425906875 0.5685384984375
1 0.1794145046875 0.5395912328125 0.8583233171875 0.509520784375 0.8531877921875 0.487679221875 0.1848130640625 0.5156168 0.1794145046875 0.5395912328125
1 0.84071230625 0.4592039625 0.18343086718749999 0.4892429046875 0.1820651734375 0.5108021140625 0.8434213234374999 0.4799290359375 0.84071230625 0.4592039625
1 0.1880342328125 0.4818391078125 0.8536660375 0.45418820000000004 0.84103955 0.433286309375 0.1925156890625 0.45783992656250005 0.1880342328125 0.4818391078125
1 0.8822817562499999 0.633334334375 0.1754253546875 0.669828109375 0.185082209375 0.698261165625 0.8811751609374999 0.6598386421875 0.8822817562499999 0.633334334375
4 0.7387243625 0.7989234953125 0.17567839375 0.8333901812500001 0.17731975312499998 0.8647091687499999 0.7329463890625 0.832723796875 0.7387243625 0.7989234953125