2 0.47607635625 0 0.0869586171875 0.0486577765625 0.11638017812499998 1 0.53058130625 1 1 0.94236263125 1 0.699042271875 0.8473566874999999 0 0.47607635625 0
3 0.4163765546875 0.0973888828125 0.592797940625 0.0779870359375 0.5876084484375 0.05846370937499999 0.41347884375 0.0737889171875 0.4163765546875 0.0973888828125
0 0.5726145828125 0.3249108671875 0.8644948140625001 0.295400425 0.8566568218749999 0.2762116953125 0.570044915625 0.30398260625 0.5726145828125 0.3249108671875
1 0.8332657953125 0.3801084953125 0.1843995578125 0.4480273546875 0.18415436093749998 0.47382121093749996 0.82979728125 0.4049011171875 0.8332657953125 0.3801084953125
1 0.8802329890625 0.5760246062500001 0.1832147796875 0.6593903046875 0.191450046875 0.6868128234374999 0.88318335625 0.6000534156249999 0.8802329890625 0.5760246062500001
1 0.8656916734375001 0.5462125640625 0.18654558125 0.6251664625 0.1879307703125 0.658150615625 0.8722084890625 0.572020803125 0.8656916734375001 0.5462125640625
1 0.1861432609375 0.6218898171875 0.8698144531249999 0.54570635 0.8581713734375 0.5176667796875 0.18292467968749998 0.5956765859375001 0.1861432609375 0.6218898171875
1 0.1898092015625 0.5903965171875 0.861534340625 0.512353796875 0.8587755640625 0.48849827343749996 0.1762066375 0.568229990625 0.1898092015625 0.5903965171875
1 0.1829571796875 0.5618577046875 0.858114596875 0.48450222031249995 0.851467990625 0.46307210000000004 0.18667021718750001 0.5375650875 0.1829571796875 0.5618577046875
1 0.8370365609375 0.43553645 0.1834516359375 0.5113518546875 0.18359316406249998 0.5329538140625 0.8411846859375001 0.45602206875 0.8370365609375 0.43553645
1 0.18752732656249999 0.5036449796875 0.8496088546875 0.42962930000000005 0.8355550828125 0.409659103125 0.1903237671875 0.4793916484375 0.18752732656249999 0.5036449796875
1 0.89065146875 0.6063429124999999 0.1880626125 0.6920556 0.19967933437500002 0.719745765625 0.8913964171875 0.632859846875 0.89065146875 0.6063429124999999
4 0.758994690625 0.7815427625 0.1997245484375 0.855201590625 0.2035466109375 0.8863297921875001 0.7555885828125 0.8156637796874999 0.758994690625 0.7815427625