2 0.49832184531249996 0 0.121533221875 0.020578960937499998 0.313608540625 1 0.45041734531250005 1 0.7001400734375001 0.9887667453125 0.7681240500000001 0 0.49832184531249996 0
3 0.428517746875 0.8824176453125 0.561682384375 0.8763561859375001 0.5621676953125 0.8593587749999999 0.430303471875 0.863975975 0.428517746875 0.8824176453125
0 0.6204819671874999 0.7725081687500001 0.59506675 0.7742449859375 0.5955940265625 0.792031234375 0.6883935140624999 0.7859532375 0.6896768343749999 0.7486387734375 0.61993353125 0.75431816875 0.6204819671874999 0.7725081687500001
4 0.19188185156249998 0.2419233421875 0.71370750625 0.21915546875 0.7157336875 0.18790630156250002 0.1931381890625 0.21346243125000003 0.19188185156249998 0.2419233421875
1 0.6940894421875 0.6150543125000001 0.4568146140625 0.62567845625 0.4545695546875 0.6058762093750001 0.2866486390625 0.6152802046875 0.29009765781249996 0.6350193578125001 0.2672224109375 0.6362181984374999 0.2761208 0.6562753921875 0.6945916578125 0.6361551640625 0.6940894421875 0.6150543125000001
1 0.2590624359375 0.5726606875 0.2620041203125 0.594237328125 0.6967599890625 0.5738672734375 0.69692285 0.5539388296875 0.2590624359375 0.5726606875
1 0.267290628125 0.614483815625 0.6966286765625 0.5943976953125001 0.697330421875 0.57323374375 0.26561599999999996 0.5940480375 0.267290628125 0.614483815625
1 0.697624596875 0.5327748796875 0.40480985 0.54329158125 0.4037056546875 0.5222222765625 0.2737094875 0.52963871875 0.2754472125 0.551278459375 0.25558186875 0.5523195578125 0.25598943749999997 0.5716144703125 0.69752483125 0.55390728125 0.697624596875 0.5327748796875
1 0.23974594374999997 0.48334870937499996 0.6999148328125 0.4608268046875 0.7060855171875 0.43658553749999995 0.23701685156250002 0.46169989375 0.23974594374999997 0.48334870937499996
1 0.2452919703125 0.50803894375 0.698625734375 0.48693826875 0.702537315625 0.4601578578125 0.24189393125 0.48376764687499996 0.2452919703125 0.50803894375
1 0.24852333437500002 0.5291299281249999 0.6981745125 0.5087537578125 0.69859795625 0.48640821718750005 0.248527840625 0.5089323765625 0.24852333437500002 0.5291299281249999