2 0.5308121109374999 0 0.26291750468749997 0.0160303890625 0.175178028125 1 0.49952612187499995 1 0.8214769984375 0.9838382781250001 0.64918120625 0 0.5308121109374999 0
3 0.39263942812499997 0.1453031953125 0.5242639125 0.1361115359375 0.5220045484375 0.1192579671875 0.3889358046875 0.12714920937500002 0.39263942812499997 0.1453031953125
0 0.5658795578125 0.2173201765625 0.59133709375 0.2163908640625 0.592693034375 0.2345385453125 0.6626479359374999 0.23289666874999998 0.6574712218750001 0.195920759375 0.5645447765625 0.199576246875 0.5658795578125 0.2173201765625
4 0.2247705421875 0.8170436796875 0.7471745515625 0.78783370625 0.7418930421875001 0.7569675171875 0.22054611249999997 0.7888700046875 0.2247705421875 0.8170436796875
1 0.2757673375 0.40765260156250005 0.44375135 0.399452565625 0.4439142109375 0.379524125 0.68099975 0.36528809687499997 0.6792935734375 0.34425034062500004 0.2610120078125 0.3679824484375 0.2542589125 0.388859903125 0.27713415937499997 0.3876610625 0.2757673375 0.40765260156250005
1 0.69020594375 0.42577260937499994 0.687960884375 0.4059703609375 0.253457403125 0.4311562578125 0.25278720625 0.45292218906250004 0.69020594375 0.42577260937499994
1 0.257069284375 0.43096696718749994 0.6885944140625 0.4065407921875 0.6856842765625 0.38556613125 0.2565986171875 0.4104680921875 0.257069284375 0.43096696718749994
1 0.271851040625 0.49417744375000006 0.4019103046875 0.487964959375 0.40080610937500005 0.4668956546875 0.69311608125 0.4467472703125 0.6908079234375 0.4257410609375 0.24984040312500003 0.454283890625 0.2514519328125 0.47351570625 0.271317278125 0.47247460781250006 0.271851040625 0.49417744375000006
1 0.24246095156249997 0.56557951875 0.711585175 0.54152526875 0.7029143921875 0.5180618109374999 0.24291217656250003 0.5437640296875 0.24246095156249997 0.56557951875
1 0.24500460624999998 0.5431228625 0.7055924328125001 0.51845296875 0.698902965625 0.492228134375 0.2458469890625 0.5186293328125 0.24500460624999998 0.5431228625
1 0.24897174375 0.5174025546875 0.69893074375 0.49275818749999994 0.696173875 0.47057931875000003 0.24685604218749999 0.49731611875 0.24897174375 0.5174025546875