2 0.7957142859374999 1 0.6742857140625 0.0014285703125 0.2885714296875 0.0042857140624999995 0.14714285625 0.9985714296875001 0.7957142859374999 1
3 0.541900890625 0.120931390625 0.40860151718750004 0.12184753749999999 0.41134995781250006 0.14017047656249998 0.5432751109375 0.13788010781249999 0.541900890625 0.120931390625
0 0.673169690625 0.20457889687500003 0.580179284375 0.20336597968749998 0.580583590625 0.2211554484375 0.606054875 0.22155975468750003 0.60645918125 0.23975352968750002 0.676404140625 0.24177505937500002 0.673169690625 0.20457889687500003
4 0.7281128953125 0.7692750562499999 0.20581080625 0.77384863125 0.20855495 0.8022047859375 0.7317717546875 0.80037535625 0.7281128953125 0.7692750562499999
1 0.45029629531250004 0.3767539296875 0.687801971875 0.374945509375 0.6871991656249999 0.353847290625 0.268248796875 0.355655709375 0.260412315625 0.376151121875 0.2833189546875 0.376151121875 0.2809077296875 0.3960437296875 0.44909068281250003 0.3966465359375 0.45029629531250004 0.3767539296875
1 0.257398284375 0.4183475625 0.255589865625 0.4400485890625 0.693830034375 0.4358289453125 0.692624421875 0.4159363375 0.257398284375 0.4183475625
1 0.691418809375 0.3954409234375 0.261617928125 0.3978521484375 0.261015121875 0.4183475625 0.6932272296875001 0.41653914375 0.691418809375 0.3954409234375
1 0.40267459843750003 0.46174961562499994 0.6956384546875001 0.45692716562499996 0.694432840625 0.4358289453125 0.25257583437500003 0.4412542015625 0.253178640625 0.46054400156249997 0.273071246875 0.46054400156249997 0.27246844062500003 0.4822450296875 0.40267459843750003 0.48284783437499995 0.40267459843750003 0.46174961562499994
1 0.7016910234375 0.5286567765625 0.24097407343750002 0.530249115625 0.2393817328125 0.5520110921875 0.709121940625 0.552541871875 0.7016910234375 0.5286567765625
1 0.6990371234375 0.5026485625 0.2452203125 0.5053024609375 0.24309719218749998 0.5297183359375001 0.704344921875 0.5291875562499999 0.6990371234375 0.5026485625
1 0.697444784375 0.48088658593750006 0.24734343124999997 0.484071265625 0.24840499062500002 0.5042409015625 0.6990371234375 0.5031793421875 0.697444784375 0.48088658593750006