2 0.369727796875 0 0.0659275296875 0.929724009375 0.45941235 1 0.7067418 1 0.7582139421874999 0.0392673875 0.52544828125 0 0.369727796875 0
3 0.4751804921875 0.1302431765625 0.6054991234375 0.1508961671875 0.6070888953125 0.13396630781250002 0.4756555515625 0.11172134375000001 0.4751804921875 0.1302431765625
0 0.6277801937499999 0.2393849171875 0.6527943046875 0.2442061234375 0.650033153125 0.2621937015625 0.71856445625 0.276330334375 0.721838190625 0.23913760781249999 0.6304711375000001 0.221795503125 0.6277801937499999 0.2393849171875
4 0.1605053453125 0.7470047140625 0.6760909875000001 0.836058721875 0.677888225 0.8047955515625 0.1627268859375 0.7186028375 0.1605053453125 0.7470047140625
1 0.30228805 0.3595780859375 0.46781125 0.38937639687500003 0.47245286249999996 0.36999535625 0.7066643218750001 0.40945683749999995 0.7097343406250001 0.388574471875 0.2968347421875 0.31760544999999996 0.2855583234375 0.3364287 0.308116959375 0.3404063953125 0.30228805 0.3595780859375
1 0.7020285078125 0.4704620796875 0.7042955265625 0.4506623328125 0.275262746875 0.3774607 0.2697134578125 0.3985180109375 0.7020285078125 0.4704620796875
1 0.2788246359375 0.3780887578125 0.7047844999999999 0.45136065781249995 0.7066672203125 0.4302689375 0.28297727500000003 0.3580093921875 0.2788246359375 0.3780887578125
1 0.279008275 0.4430043265625 0.40713163281250003 0.46620803593750004 0.41079530000000003 0.445430346875 0.7001457859375 0.4915538 0.70262215625 0.47056675625000005 0.2665358640625 0.39918192656249996 0.2637798734375 0.418283346875 0.28337026718749997 0.4217376625 0.279008275 0.4430043265625
1 0.234309478125 0.5059650390625 0.6968211078125 0.5880572859375001 0.6936506859375 0.56324469375 0.23965655625 0.48481018281250005 0.234309478125 0.5059650390625
1 0.24183958749999998 0.48465614375 0.696172096875 0.5642282546875 0.6955533843749999 0.537170759375 0.24817022500000002 0.46097987656250006 0.24183958749999998 0.48465614375
1 0.251490859375 0.4604874578125 0.695461215625 0.537693475 0.6977641640625001 0.5154628890625 0.2539478484375 0.44043990624999996 0.251490859375 0.4604874578125