2 0.310221178125 0 0.22586401875 0.9514404109375001 0.46294053437500005 1 0.6142950171875 1 0.948805196875 0.085686678125 0.55000245 0 0.310221178125 0
3 0.3802019484375 0.8620733656249999 0.5107788890625 0.8888917375000001 0.5119000609375 0.870397765625 0.3823815953125 0.8452093015625 0.3802019484375 0.8620733656249999
0 0.3417589234375 0.7324253515625 0.2737627296875 0.7159056234375 0.26919298125 0.752961440625 0.3598991453125 0.7734816453125 0.3632023125 0.7559968578125 0.338371696875 0.750305609375 0.3417589234375 0.7324253515625
4 0.3328573515625 0.1891819125 0.8446967859375001 0.29330099062500004 0.847908184375 0.264993946875 0.3357445625 0.1580005078125 0.3328573515625 0.1891819125
1 0.5229932609375 0.6308868296875 0.2903016609375 0.583275525 0.286504728125 0.6040380265625 0.6966760171875 0.68937380625 0.7086024890625 0.6709555640625 0.686196415625 0.66619300625 0.6926908546874999 0.6472364203125001 0.5283084328125 0.611679584375 0.5229932609375 0.6308868296875
1 0.7203237890625 0.63030786875 0.7266045875 0.609457053125 0.2970637046875 0.5224692328125 0.294107065625 0.5421777999999999 0.7203237890625 0.63030786875
1 0.291025096875 0.5624760015625 0.71193511875 0.6494780953125 0.7167859890625 0.6295558859375 0.29364276093749997 0.5414628359375 0.291025096875 0.5624760015625
1 0.58724590625 0.5576496109375 0.29968136875 0.5014560671875 0.2964740703125 0.522343903125 0.729803415625 0.6089044390625 0.7332243578125001 0.5899108359375 0.7137664515625 0.58577493125 0.7188679828125 0.564673453125 0.591632471875 0.5370124390625 0.58724590625 0.5576496109375
1 0.3086744875 0.43003552031250003 0.7596547328125001 0.52426641875 0.765736846875 0.503311059375 0.3063719453125 0.4051273984375 0.3086744875 0.43003552031250003
1 0.3058629828125 0.4560271703125 0.750314584375 0.5477850859375 0.7574676546875 0.524344178125 0.3061889390625 0.42896456406250005 0.3058629828125 0.4560271703125
1 0.30289595625 0.4776446609375 0.743823646875 0.5681109078125 0.7469787875 0.548161315625 0.3059733375 0.45550798906249995 0.30289595625 0.4776446609375