2 0.297146553125 0 0.15849402343750002 0.9385809609375 0.447447884375 1 0.6023927812500001 1 0.6672913765625 0.661160725 0.8098326265625 0.0546866609375 0.5525521171875 0 0.297146553125 0
0 0.6078777671875 0.6352627125 0.40334179062500003 0.5947015109375 0.40322639374999997 0.610913590625 0.6049144234375 0.6492041484375 0.6078777671875 0.6352627125
1 0.624569071875 0.576421990625 0.446801059375 0.5420455093750001 0.45276193593749997 0.5048364234375 0.30240379375000004 0.4728768125 0.295002190625 0.510753740625 0.27636275 0.5067918062500001 0.272373790625 0.5225032656249999 0.621921790625 0.5919315921875 0.624569071875 0.576421990625
1 0.46260035625 0.470890675 0.310486765625 0.4385579328125 0.30471283125 0.4730732265625 0.629598809375 0.5397860984375 0.6329949390625 0.5238085640625 0.45984880781250004 0.48934899375 0.46260035625 0.470890675
1 0.29278540625 0.4336235046875 0.63419193125 0.5053127875000001 0.63701931875 0.488335446875 0.3917244421875 0.43678235625 0.395120571875 0.420804821875 0.46637015625 0.43477750000000004 0.47160249062500004 0.4156746015625 0.32186677812500003 0.38501918281249997 0.313178734375 0.4203799234375 0.2967936046875 0.41660418281249995 0.29278540625 0.4336235046875
1 0.6481447499999999 0.4341566390625 0.495045346875 0.40278624374999994 0.497796896875 0.38432792656250003 0.3248295109375 0.34902743125 0.321330475 0.36732686718749996 0.30407869375 0.3639528609375 0.30162505156249997 0.3810096421875 0.6457506875 0.4509331109375 0.6481447499999999 0.4341566390625
1 0.6557115640625 0.3985575734375 0.310329278125 0.32719510625 0.3078160546875 0.34453219687500003 0.652629596875 0.41489485625 0.6557115640625 0.3985575734375
1 0.3096413734375 0.326755915625 0.6571307015625 0.397394359375 0.6601530875 0.3813373859375 0.313275828125 0.309657153125 0.3096413734375 0.326755915625
1 0.312138340625 0.307657540625 0.6621247109375 0.37941269218749996 0.6640854484375 0.362837084375 0.31545863281250003 0.290199028125 0.312138340625 0.307657540625
4 0.6840135765625 0.287373184375 0.39337664375000003 0.2265144609375 0.3895491921875 0.2445212046875 0.6779371375000001 0.30444285937500004 0.6840135765625 0.287373184375
3 0.466079409375 0.77263840625 0.36470584375000004 0.7566248046874999 0.3626459578125 0.7709443375 0.46434011249999996 0.78776395 0.466079409375 0.77263840625