2 0.4143741125 0 0.33843496093750003 0.3330990640625 0.1748149046875 0.9342290640625001 0.43860772031249995 1 0.686523953125 1 0.8566041953125 0.073604596875 0.5613922812500001 0 0.4143741125 0
0 0.39690854999999997 0.36105480624999997 0.5999043625 0.4087295015625 0.6005854828125 0.392531325 0.4003566375 0.34722528124999996 0.39690854999999997 0.36105480624999997
1 0.37817390156249997 0.41927716562499995 0.5546339 0.4598367203125 0.5473780765625 0.49681510781249993 0.69652925 0.534002671875 0.7052482312499999 0.4964071296875 0.723738046875 0.501017159375 0.7282728984375 0.48545448281250003 0.3813608484375 0.40386939999999993 0.37817390156249997 0.41927716562499995
1 0.536360959375 0.5303968218749999 0.6872534906250001 0.5680185546875001 0.694228475 0.5337257937500001 0.371868653125 0.45571520468750004 0.367916984375 0.47156448281249996 0.53975501875 0.512045775 0.536360959375 0.5303968218749999
1 0.7047718578125 0.5735677453125 0.36607522812500004 0.49000721875000003 0.36265706249999996 0.5068755421875 0.606003334375 0.566957896875 0.602051665625 0.5828071734375 0.531333125 0.5663564328125 0.5254372968750001 0.5852650890625 0.674011934375 0.621127534375 0.6839287578125 0.58609154375 0.7001721359374999 0.590436815625 0.7047718578125 0.5735677453125
1 0.349647596875 0.5606330749999999 0.5015589234375 0.59732745 0.4981648625 0.615678496875 0.6697949140625 0.6569939609375 0.673930459375 0.6388277890625 0.6910539796874999 0.64280181875 0.6941014015625 0.6258410578125 0.3526256890625 0.5439503718750001 0.349647596875 0.5606330749999999
1 0.3408430015625 0.595946375 0.683524375 0.6793190375 0.6866411234375 0.6620802203125 0.344493253125 0.5797266046875 0.3408430015625 0.595946375
1 0.684196534375 0.67978196875 0.3393841328125 0.5970593531249999 0.3358032078125 0.613001065625 0.67996755625 0.696743475 0.684196534375 0.67978196875
1 0.6810345640625 0.6987815671875001 0.3337656140625 0.6148557796875 0.331227590625 0.631352859375 0.6771070015625 0.7161135671875 0.6810345640625 0.6987815671875001
4 0.3086779515625 0.7060753078124999 0.5970138953124999 0.777040040625 0.6014674421875 0.7591778421875001 0.31534641093750004 0.689228096875 0.3086779515625 0.7060753078124999
3 0.5434148703125 0.2287114890625 0.644167815625 0.24825322187499999 0.646726190625 0.23401430156249997 0.5456809812500001 0.21365585937499998 0.5434148703125 0.2287114890625