2 0.49127245156250005 0 0.2779130828125 0.0074506734374999994 0.29868958437500004 0.384097884375 0.30700669375 1 0.508727534375 1 0.8229778015625 0.9890261390624999 0.7260601531249999 0 0.49127245156250005 0
0 0.3626036515625 0.3948531625 0.570876678125 0.3847277921875 0.567066590625 0.3689693625 0.3621062328125 0.38060894843750004 0.3626036515625 0.3948531625
1 0.360643009375 0.4559840546875 0.541446975 0.44633343437499995 0.5446648546875 0.48387931718750005 0.698288446875 0.47851466406250004 0.6963069328125 0.43997223124999996 0.71535118125 0.43930719218750003 0.71542070625 0.42309741250000005 0.3594595421875 0.44029471875 0.360643009375 0.4559840546875
1 0.5433308968749999 0.5191968609375001 0.6987480625 0.513769575 0.69600048125 0.478882690625 0.36462570156249996 0.492748509375 0.365195765625 0.5090730390625 0.5415352421875 0.5006211734375 0.5433308968749999 0.5191968609375001
1 0.7171173625 0.5142750828125 0.36850886250000003 0.5273089921875 0.36987265156250004 0.5444660406249999 0.62035304375 0.53514558125 0.6209231078124999 0.5514701125 0.5484096453125 0.5551493171875 0.5479541421875 0.5749505953125 0.70065828125 0.56847106875 0.700533715625 0.532058865625 0.7173455718749999 0.531758528125 0.7171173625 0.5142750828125
1 0.372184734375 0.599726990625 0.5283256140625 0.5931274531249999 0.53012126875 0.611703140625 0.706490746875 0.6041104609375 0.7054588125000001 0.585508103125 0.7230143890625 0.5846083046875 0.7212687390625 0.5674645921875 0.370449084375 0.582869675 0.372184734375 0.599726990625
1 0.373454878125 0.6360991890625 0.725841978125 0.6217863484375 0.7240863265625 0.604356240625 0.3724929515625 0.6195016 0.373454878125 0.6360991890625
1 0.7266157 0.622046075 0.372359303125 0.6375711703125 0.373311228125 0.653882365625 0.72722576875 0.6395161859375 0.7266157 0.622046075
1 0.7288132171874999 0.6411812171875 0.3718637953125 0.6562268671875 0.373971303125 0.672784453125 0.7298151484375001 0.6589243890625001 0.7288132171874999 0.6411812171875
4 0.3728914953125 0.750827803125 0.6696183265625 0.739567325 0.6689758609374999 0.7211695140625001 0.374657909375 0.7327951484375 0.3728914953125 0.750827803125
3 0.46695580468750003 0.2272539859375 0.5691921828125001 0.21826742968750001 0.567726671875 0.2038749171875 0.46498423593749993 0.21215696093749997 0.46695580468750003 0.2272539859375