2 0.4059902703125 0 0.3355467453125 0.3359441828125 0.18244277343749998 0.939838190625 0.4430321984375 1 0.6946700359375 1 0.8491082562500001 0.0674459375 0.5569678046875 0 0.4059902703125 0
0 0.3944993234375 0.3628751625 0.59829625625 0.40699983125 0.5986945765625 0.390792234375 0.39770552812500004 0.348987565625 0.3944993234375 0.3628751625
1 0.3767836484375 0.42141561875000005 0.5539246328125 0.45888934375 0.5473152765625 0.49598873125000004 0.697092746875 0.530567584375 0.7051542671875 0.4928256015625 0.723721721875 0.49711223593750004 0.727984278125 0.4814727859375 0.37970120625 0.4059545796875 0.3767836484375 0.42141561875000005
1 0.5368859203125 0.52975760625 0.6884120578124999 0.564740171875 0.6947874890625 0.5303309031250001 0.3711152921875 0.45795814999999995 0.3674408328125 0.47387397968749995 0.5399591906250001 0.5113501203124999 0.5368859203125 0.52975760625
1 0.7060246046875001 0.5699827796875 0.365921228125 0.49234605 0.3627979765625 0.5092714609375 0.6071557671875001 0.565097684375 0.6034813078125 0.5810135140625 0.5324864328125 0.5657994875 0.526921503125 0.5848081609375 0.6760993984375 0.6180721578124999 0.68540325 0.58286843125 0.7017199890625 0.58692955625 0.7060246046875001 0.5699827796875
1 0.3507286890625 0.5632478515625 0.503257284375 0.5972854203125 0.5001840109375 0.61569290625 0.6725089765625001 0.6540067203125 0.676326846875 0.6357711390625 0.6935171171875 0.6394457171875 0.6962680671875 0.62243435625 0.35341517499999997 0.546515715625 0.3507286890625 0.5632478515625
1 0.3425417375 0.598709434375 0.6866259718750001 0.676088784375 0.6894413875 0.6587981984375 0.345908359375 0.582428428125 0.3425417375 0.598709434375
1 0.6873061078125 0.6765399140625 0.341102515625 0.599847703125 0.33780035625 0.615849484375 0.6833737921874999 0.6935726437499999 0.6873061078125 0.6765399140625
1 0.6844762078125 0.6955918015625 0.3357954421875 0.6177394765625001 0.33354572031249996 0.6342783390625 0.680851728125 0.7129897093750001 0.6844762078125 0.6955918015625
4 0.3123036 0.7093829515625 0.6018341359375 0.7753047203125 0.6059752656249999 0.7573675171875001 0.3186770203125 0.692421925 0.3123036 0.7093829515625
3 0.538673621875 0.2279951140625 0.6397522718750001 0.2457754890625 0.6420617531249999 0.2314940875 0.5406766296875001 0.212902228125 0.538673621875 0.2279951140625