2 0.2571428578125 0 0.1942857140625 1 0.710476190625 1 0.6971428578125 0.37714285625 0.7047619046875 0 0.2571428578125 0
0 0.42514355625 0.38727157343749996 0.633643078125 0.3901221515625 0.633643078125 0.3758692546875 0.42840136093750003 0.3713897734375 0.42514355625 0.38727157343749996
1 0.45670533750000003 0.44781260468750006 0.6377359640625 0.4511473796875 0.638371159375 0.43542629843749997 0.2820266609375 0.430662334375 0.28266185625 0.44685981249999995 0.3017177125 0.44685981249999995 0.3010825171875 0.48544791875 0.45479975 0.48544791875 0.45670533750000003 0.44781260468750006
1 0.635038759375 0.48802843124999995 0.3033819328125 0.4857358734375 0.30185356093750004 0.52069739375 0.45736545937499995 0.52069739375 0.45851173906250003 0.5020703546874999 0.635038759375 0.5043629125 0.635038759375 0.48802843124999995
1 0.453544528125 0.55680519375 0.3809468359375 0.5556589140625 0.3809468359375 0.5393244328125 0.6315999203125 0.5398975734375 0.6323641062500001 0.52270338125 0.2835130921875 0.5218436734375 0.28389518593749996 0.5393244328125 0.30070728281250003 0.5390378625000001 0.30185356093750004 0.57543223125 0.4546908078125 0.5765785125 0.453544528125 0.55680519375
1 0.4749417421875 0.594059271875 0.6312178265624999 0.5952055515625 0.6323641062500001 0.5782979312500001 0.28122053281250003 0.5751456625 0.280074253125 0.592339853125 0.2976505375 0.5926264234375 0.29726844375 0.6112534625 0.47379546406250006 0.6126863109375 0.4749417421875 0.594059271875
1 0.27854588125 0.62959393125 0.6312178265624999 0.6315999203125 0.6315999203125 0.6149788703125 0.2796921609375 0.6121131703125 0.27854588125 0.62959393125
1 0.6323641062500001 0.6330327703124999 0.27778169531249997 0.6298805015625 0.27778169531249997 0.6473612609375 0.6319820140625 0.64936725 0.6323641062500001 0.6330327703124999
1 0.6335103859375 0.651659809375 0.27625332343750003 0.6490806796874999 0.2758712296875 0.666848009375 0.6319820140625 0.668280859375 0.6335103859375 0.651659809375
4 0.3388457796875 0.74534098125 0.6357848374999999 0.7462389828125 0.63339016875 0.728278959375 0.3388457796875 0.72693195625 0.3388457796875 0.74534098125
3 0.42101764218750004 0.22085382656250002 0.5235053671875 0.226266909375 0.52494885625 0.21111027500000001 0.42197996875 0.2064189359375 0.42101764218750004 0.22085382656250002