2 0.882649784375 0.167000646875 0.2741298125 0.029298135937499997 0.1754806875 0.6904069625 0.6758854609375 0.7955457953125 0.882649784375 0.167000646875
3 0.5157738703125 0.73908015 0.5238123859375 0.7158907640625001 0.3500251921875 0.6703924390625 0.345892534375 0.695742271875 0.5157738703125 0.73908015
1 0.741296971875 0.5588942593749999 0.7441223875 0.5381020390625 0.23322799375 0.4162764265625 0.2311400171875 0.43732363281250003 0.741296971875 0.5588942593749999
0 0.47772263437499995 0.535523353125 0.483968021875 0.51492683125 0.2290349515625 0.45793542187499997 0.22605253125 0.47782365625 0.47772263437499995 0.535523353125
1 0.7681075734375 0.475280165625 0.7750347671875 0.4565219046875 0.518191584375 0.39236459687499997 0.5117332203125 0.41122252968749995 0.7681075734375 0.475280165625
1 0.758399703125 0.49559398281249994 0.76626456875 0.4770350109375 0.6314490734375 0.44506861875 0.625833571875 0.46226652812499996 0.758399703125 0.49559398281249994
1 0.749073628125 0.5164171546875 0.7542002921875001 0.4969083546875 0.6364119828125 0.46782551562499997 0.6311572562500001 0.485214996875 0.749073628125 0.5164171546875
1 0.7455095218750001 0.53510618125 0.7491497015624999 0.5195768609375 0.6288237109375 0.49017975312499995 0.6217813750000001 0.5057501265625 0.7455095218750001 0.53510618125
1 0.780153390625 0.43227656875 0.7903012484375 0.4090291828125 0.6413048296875 0.3731249421875 0.6349219046875 0.3956468796875 0.780153390625 0.43227656875
1 0.7743015546875001 0.45305557968750004 0.7807598734375001 0.43419765468750005 0.6222122671875 0.398702828125 0.6172907265625 0.414373471875 0.7743015546875001 0.45305557968750004
4 0.8281830203125 0.2960523609375 0.8355281171875 0.2693195453125 0.289646459375 0.14371877500000002 0.282332528125 0.169152671875 0.8281830203125 0.2960523609375