2 0.181201196875 0.9134548468749999 0.805053509375 0.90527988125 0.7334893671875 0.2474812328125 0.22216004687500002 0.246282528125 0.181201196875 0.9134548468749999
3 0.5681782421875 0.293777840625 0.56513673125 0.269423896875 0.389957259375 0.2764944234375 0.38872908125 0.302149528125 0.5681782421875 0.293777840625
1 0.7467095875 0.5134864796875 0.748268859375 0.49256118281249994 0.223984103125 0.5054076046875 0.2216504921875 0.52642899375 0.7467095875 0.5134864796875
0 0.48742182187500005 0.48206612031249996 0.48559516875000003 0.46062119218750003 0.22742822031249998 0.46473485625000005 0.2262104703125 0.48480856406250006 0.48742182187500005 0.48206612031249996
1 0.7599849937500001 0.5997109375 0.7571092375 0.5799223453125 0.49301894687500003 0.5892769437500001 0.4954153953125 0.6090655546875 0.7599849937500001 0.5997109375
1 0.755671359375 0.5778226656250001 0.7518369875 0.5580340546875 0.6152385765624999 0.5630711749999999 0.6171557187500001 0.5810607984375 0.755671359375 0.5778226656250001
1 0.7480026171875 0.5558752984375 0.747044090625 0.53572691875 0.62521718125 0.5417310421875 0.6267416015625 0.559833040625 0.7480026171875 0.5558752984375
1 0.747775440625 0.5326520765625 0.747443534375 0.5167052734375 0.620315678125 0.5196952984375 0.6239668593750001 0.53638960625 0.747775440625 0.5326520765625
1 0.7650435734375 0.649339909375 0.7599508734375 0.6244906765625 0.610277303125 0.6301245953125 0.611838171875 0.653481459375 0.7650435734375 0.649339909375
1 0.7609435203125 0.622737665625 0.7585471140625 0.602949071875 0.5969248859375 0.608141496875 0.59848076875 0.6244929453125 0.7609435203125 0.622737665625
4 0.7802348593749999 0.7953997515625 0.7786083359375 0.76772398125 0.21830205781249998 0.7783619078124999 0.22016815625000002 0.804760665625 0.7802348593749999 0.7953997515625