2 0.8190117421875 0.10561321875 0.1958247671875 0.0756711015625 0.21347468749999998 0.7438664390625 0.7245343531249999 0.7605136015625 0.8190117421875 0.10561321875
3 0.5570500625 0.73270888125 0.5609396609374999 0.7084759203125001 0.3818919828125 0.693846646875 0.3822240625 0.7195289875 0.5570500625 0.73270888125
1 0.747858009375 0.51609874375 0.7470299703125 0.4951317765625 0.2227424140625 0.4638728484375 0.2243409671875 0.4849628734375 0.747858009375 0.51609874375
0 0.48422964375 0.5388520984375 0.4868036015625 0.5174839828125 0.22584708125000003 0.5056270656249999 0.226363528125 0.52573104375 0.48422964375 0.5388520984375
1 0.7597418625000001 0.42909932343749996 0.7633064796875 0.40942314843750005 0.499224521875 0.39084088437500003 0.4961389203125 0.41053380625 0.7597418625000001 0.42909932343749996
1 0.753708934375 0.4507902828125 0.7582315828125 0.43114754375000003 0.61991333125 0.42307725781250005 0.617369528125 0.4409890140625 0.753708934375 0.4507902828125
1 0.74814045 0.47291655937500005 0.7498015609375 0.45281390625 0.6287525375 0.44462662656249996 0.6265972953125 0.4626643953125 0.74814045 0.47291655937500005
1 0.7478758046875 0.49194055781249996 0.7487640437499999 0.476015053125 0.6251613203125 0.4679589421875 0.6209297406250001 0.48451565625 0.7478758046875 0.49194055781249996
1 0.7641371796875001 0.3846573140625 0.770094003125 0.3600009515625 0.61712646875 0.3505151328125 0.6147514078125 0.3738032953125 0.7641371796875001 0.3846573140625
1 0.761982484375 0.40613680625 0.76506804375 0.3864439 0.60276551875 0.379019821875 0.6006399250000001 0.395307009375 0.761982484375 0.40613680625
4 0.7877820468750001 0.2421624 0.7903734499999999 0.214560253125 0.23097461562500002 0.18565899531250002 0.2281883515625 0.21197654687499998 0.7877820468750001 0.2421624