2 0.7290467453125 0.243444740625 0.2177743828125 0.251170146875 0.1884655328125 0.9189556812499999 0.8120801578125001 0.8998942375000001 0.7290467453125 0.243444740625
3 0.386073309375 0.278448975 0.3852930609375 0.30412160625 0.5645687859375 0.292619375 0.561102703125 0.268322221875 0.386073309375 0.278448975
1 0.22412051718749998 0.5102239234375 0.22215413593750002 0.5312828374999999 0.746907384375 0.50917875 0.748101221875 0.4882294265625 0.22412051718749998 0.5102239234375
0 0.2268542734375 0.4694972609375 0.22598704218750001 0.48958916406249997 0.4871107484375 0.482288371875 0.4849101078125 0.46087858906249995 0.2268542734375 0.4694972609375
1 0.4945781078125 0.5893851828125001 0.49731955 0.60912895625 0.7616855921875 0.5951583874999999 0.7584649156250001 0.5754229984375 0.4945781078125 0.5893851828125001
1 0.61632176875 0.561050378125 0.61855258125 0.579003803125 0.7569906125 0.5733487328125 0.752811465625 0.5536300546875 0.61632176875 0.561050378125
1 0.6259264171875001 0.5395393453125 0.627766528125 0.55761198125 0.748940003125 0.5515385453125 0.7476299859375 0.5314099640625 0.6259264171875001 0.5395393453125
1 0.620641084375 0.5175925 0.6245830640625 0.5342205437499999 0.7483075609375 0.5283228265625 0.7476973953125 0.5123842437499999 0.620641084375 0.5175925
1 0.6125314953125 0.628180171875 0.614499759375 0.6515062375 0.7676095468749999 0.644691515625 0.76208394375 0.6199349484375001 0.6125314953125 0.628180171875
1 0.598797453125 0.606433453125 0.600638471875 0.6227552578125 0.7630458453125 0.6181648796875 0.7603044453125001 0.5984211234375 0.598797453125 0.606433453125
4 0.223203046875 0.7832358187499999 0.2255295828125 0.8095979874999999 0.7853476140625 0.7904639875 0.7832383296875001 0.7628208203125 0.223203046875 0.7832358187499999