2 0.7501952734375 0.0417643484375 0.1353024640625 0.14743066875 0.30888791250000003 0.7859356265625 0.8141094390625 0.70713004375 0.7501952734375 0.0417643484375
3 0.46492139843749997 0.71434865 0.47173525937500005 0.7379269578125001 0.6436519078125 0.703539375 0.640851621875 0.678007996875 0.46492139843749997 0.71434865
1 0.2542180671875 0.52527344375 0.2559514296875 0.5461850390625 0.771771746875 0.4514805734375 0.7707881578125 0.430352934375 0.2542180671875 0.52527344375
0 0.515228796875 0.5157454234375 0.5203876859375 0.5366405765625 0.774732653125 0.49219134999999997 0.772795190625 0.47217428593750005 0.515228796875 0.5157454234375
1 0.227617625 0.4421872828125 0.23355359375 0.46128237812500006 0.49292911406249995 0.41073012656249996 0.4874665484375 0.3915600328125 0.227617625 0.4421872828125
1 0.23530223281249998 0.46313127343750005 0.24218501718750002 0.482076425 0.37631369531250003 0.4557326203125 0.37160595937499996 0.43826438593750006 0.23530223281249998 0.46313127343750005
1 0.246309884375 0.4836087765625 0.2504085109375 0.5033591484375 0.36979627656249997 0.47837101875 0.3654588484375 0.46073035781250005 0.246309884375 0.4836087765625
1 0.2501671765625 0.5065105437499999 0.252989625 0.52220909375 0.378084584375 0.4993687015625 0.3718667890625 0.4834511 0.2501671765625 0.5065105437499999
1 0.21485764375 0.3939606625 0.2237749203125 0.41770728593750006 0.370724421875 0.388728625 0.3655289515625 0.365903496875 0.21485764375 0.3939606625
1 0.22306872656249999 0.4195939984375 0.22853124687499998 0.43876408125 0.3873513625 0.40835229687499996 0.38325670624999997 0.39244555625 0.22306872656249999 0.4195939984375
4 0.17700459531249998 0.2520755 0.1829405375 0.279156090625 0.7346843765625 0.180997921875 0.728711578125 0.1552160984375 0.17700459531249998 0.2520755