2 0.47728533593750005 0 0 0.057738381250000005 0 0.2479687609375 0.2113357375 0.9435987046875001 0.8575758046875 0.875817565625 0.9534164984375 0.12043469062500001 0.9411857203125 0 0.47728533593750005 0
3 0.78731275625 0.79981871875 0.5608561703125 0.8171836921875 0.34041205625000004 0.8457423093750001 0.34061876875 0.8636147624999999 0.7844598031250001 0.8202202921874999 0.78731275625 0.79981871875
0 0.6642357734375001 0.6230629750000001 0.40046174843750004 0.6494843625 0.39995565312500003 0.6669472203125 0.664128196875 0.643023290625 0.6642357734375001 0.6230629750000001
1 0.8059325968750001 0.5251614359375 0.6732982890625 0.5349837749999999 0.6661106765625 0.5681818515625 0.2406988640625 0.6164385593749999 0.24571525468750002 0.635709115625 0.33383452812500003 0.6248894296875 0.8264489734374999 0.57525515625 0.8269843046875 0.550914865625 0.8029445546874999 0.54939210625 0.8059325968750001 0.5251614359375
1 0.6542949265625 0.380213815625 0.8447307890625 0.366277284375 0.8500446343749999 0.3356547984375 0.2784382859375 0.3895731921875 0.191573159375 0.4052105109375 0.19476916718749998 0.43663648437499997 0.6542949265625 0.380213815625
1 0.7034142250000001 0.40252096093749995 0.8365897656250001 0.397106615625 0.8387479499999999 0.371832875 0.29415659843749997 0.420455928125 0.1954219421875 0.4365563328125 0.2008079875 0.464233246875 0.7034142250000001 0.40252096093749995
1 0.662885765625 0.4447844015625 0.837707325 0.42779348125 0.8367178781250001 0.40252427500000004 0.3042408828125 0.4540190953125 0.2076360265625 0.46588068125 0.211063846875 0.49379803281249995 0.662885765625 0.4447844015625
1 0.5207535734375 0.49057425625000006 0.8358018015625 0.4608401546875 0.8438898546875 0.4339496125 0.2959194453125 0.48337907500000005 0.2141558484375 0.49739569531249994 0.21788435156250002 0.5277619203125 0.5207535734375 0.49057425625000006
1 0.6350862765625 0.504377084375 0.833294859375 0.4889890671875 0.8333986390625 0.4631948421875 0.3063557171875 0.5144131921875 0.22073590781250002 0.5294004875 0.223863040625 0.5548689484375 0.6350862765625 0.504377084375
1 0.22796864062500002 0.5613251234375001 0.2322721203125 0.5801860609375 0.31884539375 0.5675675421874999 0.8310351640625001 0.5181566390625 0.8286141890625001 0.4940382296875 0.541453246875 0.518856759375 0.22796864062500002 0.5613251234375001
1 0.5414350406249999 0.356821015625 0.84628000625 0.330328334375 0.8470926437499999 0.29811989843750003 0.2722750234375 0.355565521875 0.1802392953125 0.3668660890625 0.19073570625 0.398389996875 0.5414350406249999 0.356821015625
1 0.1777398328125 0.3626985171875 0.5577609109375 0.3225009203125 0.8473523937499999 0.2958924734375 0.8486718218749999 0.26375625 0.1740113265625 0.3323322734375 0.1777398328125 0.3626985171875
4 0.8304482671875 0.1150492578125 0.14599445 0.17970028124999998 0.15020405625 0.21398476875 0.8319453109375001 0.14776905468749998 0.8304482671875 0.1150492578125