2 0.1908901515625 0.08340619375 0.0037058250000000003 0.8214785156250001 0 0.9982170546875 0.9985254578125 1 0.8405736859375 0.0948871375 0.1908901515625 0.08340619375
3 0.25668555312499997 0.1474996515625 0.251367540625 0.16740146718749999 0.47825241093750004 0.1777640453125 0.7005337875000001 0.1762836796875 0.7025067203125 0.15851925312499998 0.25668555312499997 0.1474996515625
0 0.35198601875 0.3578390125 0.6170138703125 0.3637605328125 0.6196443796875 0.3464895171875 0.35452534375 0.3380405875 0.35198601875 0.3578390125
1 0.3434367640625 0.4120825671875 0.7715586359375 0.41603021562500003 0.7689281265625 0.3962919546875 0.6801470921874999 0.3962919546875 0.1851556234375 0.38552166250000003 0.1816579484375 0.40961528437499994 0.20533293125 0.4140564015625 0.1994141859375 0.437742309375 0.3322569 0.44415724062499995 0.3434367640625 0.4120825671875
1 0.13253590312500002 0.6204604875 0.706452584375 0.6366052843750001 0.7945759406249999 0.6316707187499999 0.79523361875 0.6000894953125 0.3322569 0.6000894953125 0.1415420828125 0.5907138515625 0.13253590312500002 0.6204604875
1 0.1481573828125 0.585928796875 0.6946150921875 0.6040371625 0.7945759406249999 0.6000894953125 0.792603009375 0.5719624875 0.2862222875 0.5719624875 0.1533795734375 0.561106459375 0.1481573828125 0.585928796875
1 0.15391266406249998 0.55571356875 0.6886962953125 0.5694952046874999 0.7860266375 0.5694952046874999 0.7860266375 0.5413681984375 0.331599271875 0.5349532484374999 0.1560101328125 0.5305121328125 0.15391266406249998 0.55571356875
1 0.15062393125 0.5236484265625 0.7005337875000001 0.5413681984375 0.7833961281249999 0.53742053125 0.7833961281249999 0.5068262609375 0.47825241093750004 0.5068262609375 0.1619288296875 0.497944009375 0.15062393125 0.5236484265625
1 0.16460104375 0.4958997453125 0.6939574140625 0.50929354375 0.78076551875 0.504852390625 0.78076551875 0.479192665625 0.36645406875000003 0.479192665625 0.167847575 0.47031043281249996 0.16460104375 0.4958997453125
1 0.68803871875 0.4550132890625 0.17364505937500002 0.441635659375 0.17310869375 0.4658693359375 0.46115380000000006 0.476231915625 0.77747733125 0.4722842671875 0.7755045 0.45303945468749995 0.68803871875 0.4550132890625
1 0.1308915375 0.658075365625 0.7084254140625 0.671110578125 0.8011523140625 0.671110578125 0.7945759406249999 0.6385424546875 0.44142468125 0.6370620890625001 0.1356233375 0.6262060421875 0.1308915375 0.658075365625
1 0.8031252468750001 0.7061459828125 0.8031252468750001 0.67555169375 0.421037934375 0.66913674375 0.13036226875 0.66025453125 0.1251362546875 0.69199041875 0.8031252468750001 0.7061459828125
4 0.12510115 0.8418098640625 0.8123321296875 0.8610546765624999 0.8123321296875 0.8265127187499999 0.12760280468750002 0.8091515125000001 0.12510115 0.8418098640625