2 0.4618887296875 0 0 0.0805933328125 0 0.30902881249999997 0.23494750468749998 0.9580982875 0.8767545312499999 0.8565884484374999 0.9329301921875001 0.0972248859375 0.91788105625 0 0.4618887296875 0
3 0.802610303125 0.784371040625 0.57737288125 0.8135640375 0.3587255203125 0.85362066875 0.35986732187500003 0.871457809375 0.8008289968750001 0.804893965625 0.802610303125 0.784371040625
0 0.6704513125 0.614298884375 0.40842156875 0.6544889281249999 0.408830103125 0.6719543421874999 0.6713885265624999 0.6342374765625001 0.6704513125 0.614298884375
1 0.806830175 0.5091156781249999 0.6748916984375 0.5258660984375 0.669451390625 0.5593948484375 0.24714814999999998 0.62984975625 0.253166209375 0.648831365625 0.340598459375 0.6334147015625 0.8299401375000001 0.5580670015625 0.8292008609374999 0.5337320515624999 0.8051143625 0.5334695218750001 0.806830175 0.5091156781249999
1 0.647814346875 0.3723028046875 0.837259840625 0.34841873125 0.8409637468750001 0.3175601078125 0.27296263593750003 0.401320171875 0.18703495 0.42148223125 0.191871284375 0.45269786874999995 0.647814346875 0.3723028046875
1 0.69803379375 0.3920086734375 0.8307434578124999 0.3796318796875 0.8315759578125 0.354279825 0.290275684375 0.4313379515625 0.192518971875 0.4525836640625 0.1993461328125 0.47994076406249997 0.69803379375 0.3920086734375
1 0.659772775 0.43633529062500004 0.8334655124999999 0.4102182015625 0.8311549312500001 0.3850354109375 0.302102709375 0.46432735156250005 0.206251034375 0.48122858749999997 0.21113523750000002 0.50892828125 0.659772775 0.43633529062500004
1 0.5202318265625 0.489501015625 0.833292128125 0.4433193125 0.8399617546875 0.41604232812499997 0.295329259375 0.49408260468750004 0.2144112890625 0.5123591921874999 0.219723928125 0.5424886671875 0.5202318265625 0.489501015625
1 0.6351302234375 0.49730121718750003 0.832261821875 0.471560853125 0.8310154937500001 0.4457965453125 0.30737542812499996 0.5245279968750001 0.22265733124999998 0.5439757484375 0.2271130953125 0.5692456453125 0.6351302234375 0.49730121718750003
1 0.23155095937499998 0.5754781015625 0.2368356453125 0.5940879640625 0.322629871875 0.5769558421875 0.8315317375 0.5008067140625 0.8278518203124999 0.47684806249999995 0.5423833234375001 0.5166614218750001 0.23155095937499998 0.5754781015625
1 0.5338848453125 0.35484869531249996 0.8369255125 0.3124379671875 0.8360513765625001 0.2802311421875 0.265027996875 0.36768166875 0.1737098265625 0.3837835265625 0.18584168437499998 0.4147148921875 0.5338848453125 0.35484869531249996
1 0.17099567499999999 0.379752478125 0.5483921671875 0.3197212046875 0.836194196875 0.2779931765625 0.8358299359375 0.24583194062499997 0.16568303281250002 0.349622984375 0.17099567499999999 0.379752478125
4 0.809848634375 0.09828249375 0.1297164109375 0.1986664609375 0.1357145578125 0.23268364843749997 0.8130560484375 0.1308791 0.809848634375 0.09828249375