2 0.4560317515625 0 0 0.0894889328125 0 0.38208481562499996 0.276059215625 0.96792074375 0.9116155656249999 0.832685275 0.8956131609375 0 0.4560317515625 0
3 0.3284161625 0.8924505093749999 0.7639437 0.7965666796875001 0.7586174031249999 0.7795050890625 0.54013749375 0.8204652078124999 0.3193984109375 0.8739290703125 0.3284161625 0.8924505093749999
0 0.6408597125 0.611409065625 0.3818310484375 0.6677914890625 0.3881014359375 0.686741634375 0.64673735625 0.6278608390625 0.6408597125 0.611409065625
1 0.6966257109375 0.56742895 0.7837755875 0.55048873125 0.7825915296875 0.5306111921875 0.36308870937500004 0.616175815625 0.34599411406249997 0.5868236625 0.216816121875 0.61846831875 0.22714560625 0.6405897 0.2047530046875 0.6494666203125 0.2127836984375 0.6724501875 0.6966257109375 0.56742895
1 0.7707113703124999 0.3454162 0.7640397937500001 0.3145407046875 0.6765939515625 0.32651152968749997 0.116302309375 0.451868165625 0.1308189453125 0.4793498125 0.3162408375 0.4337563234375 0.7707113703124999 0.3454162
1 0.7734959781249999 0.3735283796875 0.7700657750000001 0.345541690625 0.6711882390625 0.3607399828125 0.1382257359375 0.48278469375000005 0.1480883046875 0.506154534375 0.276418896875 0.47015037656249997 0.7734959781249999 0.3735283796875
1 0.7728780984375 0.404815396875 0.7675112125 0.3772051625 0.671969103125 0.3957766671875 0.1496406125 0.5113466234375 0.15650820625 0.535684821875 0.3280238734375 0.497821315625 0.7728780984375 0.404815396875
1 0.77688683125 0.43922462656250005 0.7710491687500001 0.409192459375 0.6889559921874999 0.42112820156249997 0.152530621875 0.5434501578125001 0.16853245156250002 0.5665252359374999 0.47734946406249995 0.49744879218750004 0.77688683125 0.43922462656250005
1 0.7795772921874999 0.4668524578125 0.7746811859375 0.441664175 0.688620578125 0.4538683859375 0.1715456328125 0.5680220593749999 0.1796151875 0.59252175625 0.3728779109375 0.545906809375 0.7795772921874999 0.4668524578125
1 0.46640267812499997 0.5307436015625 0.18562704531250002 0.5958773890625 0.19077755937500002 0.6195634812499999 0.6931677875 0.5082807 0.7794032015625 0.4935290109375 0.7776677015625 0.4742613453125 0.46640267812499997 0.5307436015625
1 0.7627286046874999 0.307795221875 0.7629698609375 0.27457063437499996 0.6719466140625 0.2922637609375 0.10751089843749999 0.41525813906250003 0.118236715625 0.4456390625 0.4163481953125 0.376632825 0.7627286046874999 0.307795221875
1 0.758221475 0.239802475 0.0953900578125 0.3830643609375 0.10657554843749999 0.41322000000000003 0.39021587812499997 0.349037446875 0.764059140625 0.2698346609375 0.758221475 0.239802475
4 0.7377012281249999 0.085983134375 0.0667687015625 0.23600421875 0.07545589999999999 0.26758520625000004 0.7442921453125 0.11989045937500001 0.7377012281249999 0.085983134375