2 0.050808068750000004 0 0.040028231250000004 0.128405709375 0.1490375765625 0.8820008843749999 0.7963621625 0.9384932562499999 1 0.22357136562500002 1 0.049884721874999996 0.5170854421875 0 0.050808068750000004 0
3 0.2211721359375 0.8251360296874999 0.665702909375 0.8607777953125 0.6655976734375 0.8429044578125 0.44468871718749997 0.8181974703125 0.21796356249999999 0.8047873546875 0.2211721359375 0.8251360296874999
0 0.6021319546874999 0.6477244125 0.3379369859375 0.625910540625 0.3383929 0.6458659390625 0.602942740625 0.6651757796875 0.6021319546874999 0.6477244125
1 0.6683197843750001 0.6219704203124999 0.7566144671874999 0.631250565625 0.7612937765625001 0.6118953953124999 0.335104559375 0.571070496875 0.32733865624999997 0.53800291875 0.194553125 0.5304968624999999 0.19796359531250002 0.5546716953125 0.17395408437499998 0.5566137734375001 0.1749141296875 0.5809410140625 0.6683197843750001 0.6219704203124999
1 0.8040784999999999 0.431319121875 0.8067255609374999 0.3998421578125 0.71960075625 0.385723225 0.147140459375 0.34178895 0.1529879328125 0.3723140328125 0.34363801562499996 0.3829248765625 0.8040784999999999 0.431319121875
1 0.7985222281250001 0.4590170734375 0.8034244234375001 0.43125037656250004 0.704423815625 0.41687558124999996 0.15906681875 0.3777643625 0.1616657609375 0.4029965875 0.2949155125 0.40608587500000004 0.7985222281250001 0.4590170734375
1 0.7887839078125001 0.4887563453125 0.79172398125 0.460783421875 0.6949268234375 0.45060963125000003 0.1616322203125 0.408415659375 0.16108393125 0.433698284375 0.3361753984375 0.447635559375 0.7887839078125001 0.4887563453125
1 0.78255719375 0.5228340953124999 0.785755165625 0.49240742343750005 0.703759396875 0.479819909375 0.155009784375 0.439961378125 0.16356590937499998 0.46670666718750003 0.479085084375 0.49093789218749995 0.78255719375 0.5228340953124999
1 0.777052496875 0.5500413375 0.77973466875 0.5245221796874999 0.693866334375 0.5110314375 0.1660098015625 0.46901905624999995 0.1665637359375 0.4948075421875 0.3650106890625 0.5067339984375 0.777052496875 0.5500413375
1 0.45888216249999997 0.519577346875 0.1713318125 0.49977424687500005 0.16933213125 0.523931234375 0.68230623125 0.5643956671875 0.7690865437500001 0.5755013531250001 0.7730601984375001 0.5565681828125 0.45888216249999997 0.519577346875
1 0.8074438531249999 0.393008065625 0.8173884953125 0.361305771875 0.7251695640625 0.351613171875 0.14943692656250002 0.304208246875 0.15081155468750002 0.3363975953125 0.456072453125 0.3575659640625 0.8074438531249999 0.393008065625
1 0.8230128171875 0.3266685234375 0.1472582609375 0.26987739374999997 0.1491383421875 0.3019856953125 0.4391501 0.32353602187499997 0.81981484375 0.3570952125 0.8230128171875 0.3266685234375
4 0.8483616328125001 0.173570815625 0.1628837453125 0.12087500468750001 0.16195796875 0.1536159453125 0.8447510140625001 0.20792354999999998 0.8483616328125001 0.173570815625