2 0.996846753125 1 1 0.6924049703125 0.6690916359375 0.1078613625 0.0578698640625 0.1552782328125 0.2090843625 1 0.996846753125 1
3 0.1389097078125 0.2664059546875 0.643424940625 0.22111637968750003 0.6355521609375 0.20388665 0.1355002328125 0.24864951875000002 0.1389097078125 0.2664059546875
0 0.6519538265625 0.263944565625 0.4518534609375 0.2870816140625 0.462767784375 0.307090153125 0.663763046875 0.28314339374999997 0.6519538265625 0.263944565625
0 0.41970623749999997 0.68030198125 0.198611759375 0.716730559375 0.20685932343750002 0.7407811734374999 0.43085935 0.706392709375 0.41970623749999997 0.68030198125
1 0.8186254406250001 0.48838676875000003 0.1723997796875 0.5848732203125 0.1812848828125 0.6066752984375 0.8297785515625 0.5075855781249999 0.8186254406250001 0.48838676875000003
1 0.80156766875 0.46278827343750006 0.1671512265625 0.5548442734375 0.175543346875 0.5759170703125001 0.8133768859374999 0.4819871203125 0.80156766875 0.46278827343750006
1 0.7871342234375 0.4366975453125 0.157966309375 0.52678440625 0.16652093125 0.5488498296875 0.798287334375 0.45786549374999996 0.7871342234375 0.4366975453125
1 0.7759811109375 0.41306820625 0.15206170000000002 0.4972477296875 0.16387089531250001 0.522846225 0.7845098953125 0.43226703437499997 0.7759811109375 0.41306820625
1 0.761547565625 0.386977478125 0.14943745 0.46918788125 0.15764615937499998 0.4897940296875 0.7759811109375 0.4081454265625 0.761547565625 0.386977478125
1 0.75036381875 0.36535385468750003 0.1415339859375 0.442641459375 0.150264184375 0.46334195468750006 0.7641411578125 0.3845526640625 0.75036381875 0.36535385468750003
1 0.7385546 0.3436935796875 0.13628543125 0.41212025937499996 0.1445226484375 0.4356595484375 0.7497077125 0.36289246406250003 0.7385546 0.3436935796875
1 0.7274014859375 0.322033359375 0.13562937656250001 0.39045998437499996 0.14124176875 0.4104378015625 0.741178825 0.34123218906249997 0.7274014859375 0.322033359375
1 0.7129680406250001 0.3008654125 0.12972476718749998 0.36486154531250004 0.1387811125 0.38644638124999997 0.724777159375 0.3176028515625 0.7129680406250001 0.3008654125
4 0.8671743296875001 0.594189915625 0.4249854234375 0.6778771875 0.44539553749999994 0.70571679375 0.887512434375 0.6197883734375 0.8671743296875001 0.594189915625