2 0.0678679109375 0 0.0316435625 0.2398809515625 0.2779788015625 0.8647893640625 0.8898513578125 0.90289958125 0.8576710171874999 0.045353596875 0.5349634062499999 0 0.0678679109375 0
3 0.825066178125 0.7815747796875 0.3191577625 0.75620865 0.3245560109375 0.77436638125 0.8259712546875001 0.79963291875 0.825066178125 0.7815747796875
0 0.3166724109375 0.7126102734375 0.51804546875 0.71754698125 0.5100220125 0.6962141843749999 0.307650078125 0.6919547609375 0.3166724109375 0.7126102734375
0 0.604605534375 0.3326274375 0.8286182156249999 0.3273237828125 0.8237981140624999 0.3023593890625 0.597192090625 0.305238409375 0.604605534375 0.3326274375
1 0.18285915156250002 0.467156121875 0.8362241062500001 0.46154589843749994 0.8304597359375 0.4387194296875 0.1744865390625 0.446591940625 0.18285915156250002 0.467156121875
1 0.19618829531249998 0.49487947656250003 0.837242359375 0.4920130625 0.8318646781249999 0.4699773875 0.18716596875 0.474223946875 0.19618829531249998 0.49487947656250003
1 0.2068501484375 0.5227250390625 0.8424327109374999 0.521078146875 0.83703225625 0.4980368890625 0.1987515875 0.5002108828125 0.2068501484375 0.5227250390625
1 0.2146061515625 0.5476766328125 0.8441691468749999 0.5511491375 0.8360375 0.5241562421875 0.20883232812500002 0.52747766875 0.2146061515625 0.5476766328125
1 0.22526810312499998 0.575522209375 0.84286268125 0.579301134375 0.8376016796875 0.5577530921875 0.2139210328125 0.5525515046875 0.22526810312499998 0.575522209375
1 0.2333335828125 0.5984918687499999 0.84699468125 0.6066891578125 0.8412303968750001 0.584975109375 0.22236228281249998 0.577562465625 0.2333335828125 0.5984918687499999
1 0.2420133484375 0.6215848734375 0.847944428125 0.6376437859374999 0.8430634109374999 0.6131871796875 0.2336407453125 0.60102061875 0.2420133484375 0.6215848734375
1 0.25004339999999997 0.6445865109375 0.8455795703125 0.65918456875 0.842802171875 0.63862008125 0.2390721015625 0.6236570890625 0.25004339999999997 0.6445865109375
1 0.261390371875 0.6675572 0.8478641015624999 0.6853556484375 0.8418999203125 0.662720475 0.2520255796875 0.6493391374999999 0.261390371875 0.6675572
4 0.1495076890625 0.35562594375 0.5990402593749999 0.3342939125 0.5827033 0.3038847 0.1329301296875 0.3274460921875 0.1495076890625 0.35562594375