2 0.028414898437500002 0 0.010754931249999999 0.2816907359375 0.3106171484375 0.8827516531249999 0.9234828687500001 0.8673886421875 0.8166849265625 0.01591058125 0.5130929531249999 0 0.028414898437500002 0
3 0.8483700625000001 0.75217191875 0.3421759765625 0.7709951390625001 0.3491362328125 0.788613284375 0.850845565625 0.7700824578125001 0.8483700625000001 0.75217191875
0 0.335900234375 0.7277792796875 0.53693726875 0.715146384375 0.52708506875 0.6945940546875 0.32511198750000003 0.707988715625 0.335900234375 0.7277792796875
0 0.58962 0.32414736718750004 0.812318 0.2993399046875 0.8053404499999999 0.27489060625 0.5798476546875 0.2975086859375 0.58962 0.32414736718750004
1 0.181203434375 0.4949217484375 0.8315931765625001 0.43238836562499994 0.8238612828124999 0.41015115625 0.171070396875 0.4751655421875 0.181203434375 0.4949217484375
1 0.1968981078125 0.521377896875 0.8352629437499999 0.462650846875 0.8279851890625001 0.44116772031249996 0.186109865625 0.5015873140625 0.1968981078125 0.521377896875
1 0.20994628906249999 0.54818825625 0.8429667328124999 0.4911529609375 0.8355786500000001 0.46867006250000004 0.1999163078125 0.526465609375 0.20994628906249999 0.54818825625
1 0.219847453125 0.572368921875 0.8473174203125 0.5209581828125 0.8368641296874999 0.4947767234375 0.21233514531250003 0.5527500421875 0.219847453125 0.572368921875
1 0.232895734375 0.5991792859375 0.848469534375 0.54911691875 0.8413505171875 0.5281093984375 0.21958981406250003 0.5772849546875001 0.232895734375 0.5991792859375
1 0.2429324609375 0.6213585875 0.8549728343749999 0.5760405937499999 0.8473379812499999 0.554911565625 0.23017879218749998 0.6014650390625 0.2429324609375 0.6213585875
1 0.253591884375 0.643607225 0.858616840625 0.6067946546874999 0.8516228625 0.5828565218749999 0.24345884999999998 0.6238509421875 0.253591884375 0.643607225
1 0.26359610624999996 0.66582146875 0.858138384375 0.6284595796875 0.8535792421874999 0.6082154109375 0.2508424375 0.6459279 0.26359610624999996 0.66582146875
1 0.276901925 0.68771579375 0.8626951828125 0.6543319609375 0.8547809125000001 0.6323027328124999 0.2659849609375 0.6703832515625 0.276901925 0.68771579375
4 0.13825838906250001 0.3867227484375 0.58422114375 0.326292546875 0.5652960140625 0.2974229109375 0.11928787656249999 0.3600949578125 0.13825838906250001 0.3867227484375