2 0.9026602234375 1 0.9490705578125 0.79215630625 0.746926784375 0.1515866609375 0.139203153125 0.07088720625 0.11148572187500001 0.9285890390624999 0.44744788125 1 0.9026602234375 1
3 0.6941554484375 0.23854031562500003 0.19572413125000002 0.1783583671875 0.19536732968749998 0.1964356515625 0.6982739265625 0.25703037812499996 0.6941554484375 0.23854031562500003
0 0.5036896093750001 0.3035646828125 0.7052714546875001 0.3219304828125 0.6977119546874999 0.30069592031250003 0.4971738 0.2817241640625 0.5036896093750001 0.3035646828125
0 0.1632039296875 0.674572153125 0.38945878125 0.687507384375 0.383973959375 0.6596679390625 0.1601369984375 0.6493323375 0.1632039296875 0.674572153125
1 0.16607053125 0.5380795890625001 0.82099496875 0.57598463125 0.8140772374999999 0.5548865000000001 0.16191249531250002 0.514906621875 0.16607053125 0.5380795890625001
1 0.16684945625 0.50679976875 0.8102739375000001 0.5475354625 0.8027144453125 0.5263008828125 0.1630220046875 0.48444264375 0.16684945625 0.50679976875
1 0.1636517984375 0.47844814687500004 0.800529296875 0.5208036578125 0.794020971875 0.49777941718749996 0.159871775 0.45508629999999994 0.1636517984375 0.47844814687500004
1 0.166466125 0.452461809375 0.792375146875 0.49290009531249995 0.7880243984375 0.47234757343749995 0.16023721562499998 0.4249674328125 0.166466125 0.452461809375
1 0.167249353125 0.4188376890625 0.7890479015625 0.46753236875 0.779330828125 0.4438260875 0.1635042828125 0.396975146875 0.167249353125 0.4188376890625
1 0.1655283875 0.39142885625 0.782371890625 0.4419935 0.7728872765625 0.4203497609375 0.1612928390625 0.36936560625000003 0.1655283875 0.39142885625
1 0.1656678140625 0.36315764375000004 0.772757259375 0.4178057453125 0.7658395421875 0.396707540625 0.16250469218750002 0.33842013125000003 0.1656678140625 0.36315764375000004
1 0.167702525 0.3378049203125 0.7689181734375 0.39484554374999997 0.7594335625 0.373201784375 0.1663663984375 0.317096784375 0.167702525 0.3378049203125
1 0.1702837375 0.3138261703125 0.7577877390625 0.36832246562500004 0.7497165875 0.3494955265625 0.165913034375 0.2908300953125 0.1702837375 0.3138261703125
4 0.40381785 0.6898684828125 0.8541389546874999 0.697739075 0.8395675046875001 0.668471475 0.389641925 0.6583937375 0.40381785 0.6898684828125