2 0.2102029328125 0 0.0334469375 0.9186696187500001 0.451855478125 1 0.7027378578125 1 0.7430037328125 0.742246621875 0.7581065234375 0.564723921875 0.79151941875 0.42277715625 0.811571365625 0.2796885921875 0.8840107703125 0.06674109375000001 0.5444995015625 0 0.2102029328125 0
3 0.3157683671875 0.9068832062500001 0.500175746875 0.9411536249999999 0.5052744703125 0.918523565625 0.310442246875 0.8874759062500001 0.3157683671875 0.9068832062500001
0 0.3193358140625 0.7031149484375 0.5375810734375001 0.7401029359375 0.5384522953124999 0.714910846875 0.3204332390625 0.676759140625 0.3193358140625 0.7031149484375
4 0.64938186875 0.395141065625 0.271142721875 0.3160253078125 0.26568785156249997 0.339825053125 0.64437626875 0.4208926453125 0.64938186875 0.395141065625
0 0.7496315390625 0.4163292671875 0.6551624734375 0.39544715625000004 0.6507585234375 0.41810351093750003 0.7443846421875 0.437562178125 0.7496315390625 0.4163292671875
1 0.3229544765625 0.6234068609375 0.6770084609375 0.6915427265625 0.673705390625 0.6662313890625 0.3250622296875 0.5984620234375 0.21812927656249997 0.5845289421875 0.21739729375 0.611796978125 0.3229544765625 0.6234068609375
1 0.2357165578125 0.5101424859375 0.6886480546875 0.5939435046875 0.6896112624999999 0.5708110265624999 0.2360981078125 0.48636695156250004 0.2357165578125 0.5101424859375
1 0.22890883281250002 0.534258878125 0.685642053125 0.6166789031250001 0.6870876546875 0.5947001796875 0.22948892187499997 0.50946195 0.22890883281250002 0.534258878125
1 0.22384608906249998 0.5603044406250001 0.6802954578125 0.6405493171875001 0.6812586671874999 0.6174168390625 0.2232628578125 0.5342213984375 0.22384608906249998 0.5603044406250001
1 0.21850614375 0.559368459375 0.217618471875 0.583750021875 0.32633105625000003 0.599104171875 0.676619659375 0.666230471875 0.6794532046875 0.64174569375 0.327644259375 0.5791383984375 0.21850614375 0.559368459375
1 0.24399300781250002 0.46039168750000004 0.6920679125 0.5480900765625 0.6929198421875 0.5272049062499999 0.239113653125 0.4359866671875 0.24399300781250002 0.46039168750000004
1 0.238154853125 0.4830567890625 0.6879655515625 0.568371159375 0.68677274375 0.549059540625 0.2415439734375 0.461985840625 0.238154853125 0.4830567890625