2 0.2038095234375 0 0.21523809531250002 0.3085714296875 0.2342857140625 0.4857142859375 0.22857142812500003 0.6314285703125 0.23619047656249997 0.7757142859374999 0.2057142859375 0.9985714296875001 0.8800000000000001 1 0.8780952390625 0 0.2038095234375 0
3 0.603209803125 0.06543933125 0.41565140156249997 0.06698514375 0.414964375 0.09017230781249999 0.6121411546875 0.08347379375 0.603209803125 0.06543933125
0 0.6385887171875 0.26614449375000004 0.417295596875 0.2714792375 0.421247259375 0.29637471406250004 0.6425403796875 0.29222546875 0.6385887171875 0.26614449375000004
4 0.373370725 0.631435784375 0.7597565515625 0.63692653125 0.7605699953125 0.612523215625 0.373370725 0.6052022203125 0.373370725 0.631435784375
0 0.2709200234375 0.629765409375 0.367637921875 0.632238309375 0.367637921875 0.6091579015625 0.272019090625 0.6079214515625 0.2709200234375 0.629765409375
1 0.297767621875 0.3699673015625 0.65293623125 0.3699673015625 0.76056308125 0.36324062343749997 0.7560786296875001 0.336333909375 0.650245559375 0.34507859218750003 0.28969560781250003 0.345751259375 0.297767621875 0.3699673015625
1 0.7574925328125001 0.43961620156250003 0.2968926765625 0.4437782484375 0.30036105 0.46666950625 0.7616545796875 0.463027715625 0.7574925328125001 0.43961620156250003
1 0.75957355625 0.4146439203125 0.2955053296875 0.420886990625 0.29828002656249997 0.4427377375 0.763735603125 0.4390959453125 0.75957355625 0.4146439203125
1 0.75957355625 0.38811087187500004 0.296199003125 0.396434965625 0.29966737656250003 0.41932622343750003 0.7651229515625 0.413603409375 0.75957355625 0.38811087187500004
1 0.6515681890625 0.3695790546875 0.294907071875 0.3705242703125 0.296797503125 0.39509985937500003 0.6540887625 0.3894285703125 0.7649939859375 0.388010746875 0.7612131265625 0.363907765625 0.6515681890625 0.3695790546875
1 0.7588610453125 0.490032159375 0.302284896875 0.489441759375 0.3054336984375 0.510105765625 0.76830745 0.5130577656249999 0.7588610453125 0.490032159375
1 0.7602672312500001 0.46666950625 0.3024420734375 0.4687505296875 0.3072977953125 0.487479740625 0.7609609046875 0.487999996875 0.7602672312500001 0.46666950625