2 0.3036952984375 0 0.29364616718750003 0.17901413125 0.2586360890625 0.3191951296875 0.23644179062499998 0.46332256875000005 0.1839436796875 0.6335763546875001 0.1138468796875 0.9342977843750001 0.451855478125 1 0.7881062734375 1 0.968422828125 0.0816938265625 0.543338246875 0 0.3036952984375 0
3 0.33457799375 0.9089646828125 0.5183954640625 0.9462699234375 0.530603859375 0.9302709874999999 0.338327909375 0.886072440625 0.33457799375 0.9089646828125
0 0.3752112921875 0.7085414484375 0.5914207171875 0.7560028953125 0.6002762625 0.7311551140625 0.3838406328125 0.684857384375 0.3752112921875 0.7085414484375
4 0.78111090625 0.41515308125 0.4007763921875 0.34681705625000003 0.3957707921875 0.3725686359375 0.7772530328125 0.4392632515625 0.78111090625 0.41515308125
0 0.3953020453125 0.34493540624999997 0.299889275 0.32890822656249996 0.2968001265625 0.3505605609375 0.39089809531249997 0.3675917609375 0.3953020453125 0.34493540624999997
1 0.7201447812499999 0.7095211890625001 0.729680884375 0.6839645015625 0.625314953125 0.656825240625 0.27667179218750004 0.589055875 0.2641274453125 0.6112867875 0.6179247265625001 0.68074326875 0.7201447812499999 0.7095211890625001
1 0.2898967140625 0.5164340953125001 0.7412398984374999 0.60840626875 0.749792603125 0.5862190468749999 0.297669221875 0.4946252109375 0.2898967140625 0.5164340953125001
1 0.28416699843750004 0.5386400578125 0.7385177515625 0.6333168171875 0.7472689953125 0.6101082015625 0.2910600359375 0.5177202078125 0.28416699843750004 0.5386400578125
1 0.2801822609375 0.5627751890625 0.73345500625 0.6593623796875 0.74376665 0.6353970859375 0.28795476875000003 0.5409663046875 0.2801822609375 0.5627751890625
1 0.63015969375 0.6379414437500001 0.280515015625 0.5641999656250001 0.2739700734375 0.5879633203125 0.623897965625 0.65694531875 0.7304462828125 0.6834336515625 0.73875674375 0.6604949312499999 0.63015969375 0.6379414437500001
1 0.3039028734375 0.47263843593750005 0.7522030859375 0.55917771875 0.765869425 0.5383776171875 0.3109367 0.4529549046875 0.3039028734375 0.47263843593750005
1 0.3001090890625 0.4929795 0.74912563125 0.582379446875 0.753876609375 0.5615732171875 0.30844930000000004 0.47552091250000006 0.3001090890625 0.4929795