2 0.44137443281250005 0 0.093840484375 0.08743242968750001 0.1773254234375 0.29629690625 0.20483856718750001 0.438139934375 0.245634590625 0.5781434703125 0.270007503125 0.7546324640625001 0.321620203125 1 0.5613922812500001 1 0.9878251421875 0.893678346875 0.766813309375 0 0.44137443281250005 0
3 0.522912690625 0.9405582375 0.7052737718750001 0.8966836484374999 0.7095768921875 0.877024196875 0.5166365890625 0.9182260375 0.522912690625 0.9405582375
0 0.475036446875 0.741740725 0.6910468078124999 0.693381353125 0.6885715296875 0.6671191015625 0.4728479671875 0.71662875625 0.475036446875 0.741740725
4 0.7189151453125 0.304299975 0.3453349609375 0.4031028140625 0.351681434375 0.42855712968750004 0.7256081234375 0.3277816171875 0.7189151453125 0.304299975
0 0.3395782984375 0.40371101875 0.24633158437499997 0.42950864062500005 0.2526825359375 0.45043785 0.3451619546875 0.4261058390625 0.3395782984375 0.40371101875
1 0.7880664109375 0.5968534812499999 0.78590833125 0.5696611234375 0.6798511281249999 0.5891715484375 0.3352325453125 0.6750946124999999 0.33325869531249996 0.70054413125 0.6832615046875 0.6139718890625 0.7880664109375 0.5968534812499999
1 0.3165271046875 0.603687834375 0.7644520671875 0.49629705937499996 0.762826725 0.47257407812499996 0.31435455625 0.58063746875 0.3165271046875 0.603687834375
1 0.3207188640625 0.626234753125 0.7725126171875 0.5200241125 0.770635553125 0.49529152656250003 0.3181249671875 0.60436180625 0.3207188640625 0.626234753125
1 0.3273074125 0.649792634375 0.7789315421875 0.545769015625 0.77814889375 0.5196911953125001 0.3251348640625 0.6267422687499999 0.3273074125 0.649792634375
1 0.6762613171875 0.570009540625 0.3282111265625 0.650943290625 0.332322221875 0.6752462171875 0.6786176484374999 0.589879221875 0.786377671875 0.5688565390625 0.784215184375 0.544554846875 0.6762613171875 0.570009540625
1 0.31071214999999996 0.558076228125 0.7535832046875 0.44704759843749997 0.7571786125 0.422420659375 0.30876834375 0.5372642671875 0.31071214999999996 0.558076228125
1 0.31587031875 0.578114815625 0.7605995578125 0.46937609374999995 0.7561123140625 0.44851139531250006 0.3160508 0.5587672375 0.31587031875 0.578114815625