2 0.21489257187500002 0 0.241042534375 0.2197235953125 0.2309065125 0.363854365625 0.2340768640625 0.509646184375 0.21194057656249998 0.686429634375 0.19512843124999998 0.9947546109375001 0.49563658281249995 1 0.8694377296875 1 0.8886683281250001 0.0067080671875 0.45125765781249993 0 0.21489257187500002 0
3 0.40810709687499996 0.9314768203125 0.5956099546875 0.9362957421875 0.6048546906250001 0.9184199 0.407824846875 0.9082811968750001 0.40810709687499996 0.9314768203125
0 0.41331995624999995 0.7270425671875 0.63448626875 0.7362385953125 0.6388925046875 0.710230559375 0.417705503125 0.7022198484375 0.41331995624999995 0.7270425671875
4 0.7621066875 0.3676277 0.37568388124999996 0.3663742484375 0.37522604375 0.39260381718750004 0.7624941093750001 0.3920414953125 0.7621066875 0.3676277
0 0.36996595781249997 0.36547179375 0.2732196328125 0.3662563578125 0.2739373015625 0.3881161703125 0.36956315 0.3885486875 0.36996595781249997 0.36547179375
1 0.7531832609375 0.6681103515625 0.758136615625 0.641286 0.6506435546875 0.6326819984375 0.2955290390625 0.6264834515625 0.2870356265625 0.6505549296875001 0.647518925 0.657519959375 0.7531832609375 0.6681103515625
1 0.29594240625 0.5526684765625001 0.7563994734375 0.564868465625 0.7609694734375 0.5415331546875 0.299809759375 0.5298412375 0.29594240625 0.5526684765625001
1 0.29415576250000003 0.5755320359375 0.7580443531250001 0.5898732625 0.7626325125 0.5654975999999999 0.2973113859375 0.5537330421875 0.29415576250000003 0.5755320359375
1 0.294422584375 0.5999924437499999 0.7575812875 0.6164022703125001 0.76357474375 0.5910104656249999 0.29828993593750003 0.5771652031250001 0.294422584375 0.5999924437499999
1 0.65213555625 0.613243809375 0.2949976921875 0.6013377906249999 0.2926786453125 0.6258766453125 0.6492689453125 0.6330463109375 0.75879820625 0.6406303046875 0.76299914375 0.6165969796875 0.65213555625 0.613243809375
1 0.30213074375 0.507106028125 0.75864765625 0.5144840703125 0.768494475 0.491626834375 0.3056397015625 0.4865001234375 0.30213074375 0.507106028125
1 0.301926784375 0.52779685 0.7596458937499999 0.53786770625 0.7607117296875 0.5165525718749999 0.30710863593750004 0.5091552359375 0.301926784375 0.52779685