2 1 0.0244435796875 0.86476325 0.0289869015625 0.8314113671875001 0.015356928124999999 0.35387583437500003 0.023307743750000002 0.291720309375 0.0051344734375 0.0885782515625 0.019900259375 0.0003790234375 0.0428648890625 0 1 1 1 1 0.0244435796875
3 0.1150079875 0.022734351562499998 0.11886746875000001 0.058643475 0.2916427203125 0.055727948437499994 0.7788376968749999 0.06855627187499999 0.7757246765625 0.035319259375 0.1150079875 0.022734351562499998
0 0.284638309375 0.3681857796875 0.662875996875 0.378098575 0.6636541921875 0.3448615640625 0.28528210625 0.334603021875 0.284638309375 0.3681857796875
1 0.0433755875 0.457357578125 0.8706731953125001 0.4649379640625 0.8706731953125001 0.427036125 0.0391143796875 0.4220428359375 0.0433755875 0.457357578125
1 0.0402625375 0.5010904796875 0.8776775484374999 0.5034229109374999 0.8776775484374999 0.4701859 0.0371683890625 0.4628480828125 0.0402625375 0.5010904796875
1 0.8779079140625001 0.50867086875 0.037379825 0.50867086875 0.037379825 0.5465727203124999 0.8817280171874999 0.546644571875 0.8779079140625001 0.50867086875
1 0.88179925 0.551820653125 0.039714646874999995 0.5524037734375 0.037379825 0.5949704625 0.8848999828125 0.5903644781249999 0.88179925 0.551820653125
1 0.881021053125 0.5949704625 0.039714646874999995 0.5955535578125 0.037379825 0.6392864625 0.8878189671875001 0.6333557203125 0.881021053125 0.5949704625
1 0.8798956140625 0.6392864625 0.043258828124999996 0.643951325 0.040340353125 0.684362278125 0.883786946875 0.6742727859375 0.8798956140625 0.6392864625
1 0.88767828125 0.67772810625 0.0292500328125 0.6899733109375 0.03315965 0.7331828421875 0.8907913031250001 0.7202947984375 0.88767828125 0.67772810625
0 0 0.9050958859374999 0.169338046875 0.9126762515625 0.17245112499999998 0.8788561421875001 0.001050815625 0.8709005484375 0 0.9050958859374999
4 0.1888388453125 0.8760012046875 0.192427065625 0.9150715593750001 0.6588679046875 0.9126762515625 0.88767828125 0.9027635 0.8868999671875001 0.8636953890625 0.1888388453125 0.8760012046875