2 0.080450184375 0 0 0.45625566875 0 0.919549815625 0.4562556671875 1 0.91951746875 1 1 0.5425015531249999 1 0.10388218593750001 0.9885397734374999 0.098636690625 0.7910479515625 0.04881998125 0.726680953125 0.055923965625 0.43773521562499995 0 0.080450184375 0
3 0.30764521562499997 0 0.3003178921875 0.026691214062500003 0.782338896875 0.0986583015625 0.951983028125 0.1315316421875 0.9620194281250001 0.09683825 0.344243990625 0 0.30764521562499997 0
0 0.360766415625 0.3516674109375 0.7349791625 0.40758549843749997 0.7401767296874999 0.3744011453125 0.3657715890625 0.3188002125 0.360766415625 0.3516674109375
1 0.141046621875 0.4011039109375 0.957092040625 0.537297409375 0.9674208515625 0.5032591281250001 0.1476282078125 0.3637778859375 0.141046621875 0.4011039109375
1 0.127465840625 0.437787890625 0.9525636578125001 0.5809064859374999 0.962251521875 0.5437823703125 0.1332373859375 0.405055825 0.127465840625 0.437787890625
1 0.9540862546875 0.5888722890625 0.126327675 0.44291611875000003 0.11597154375 0.47964956093750005 0.9475046671875 0.6261983265625 0.9540862546875 0.5888722890625
1 0.9441927640625 0.6315353546875 0.11500257656249999 0.4847346375 0.10525588593749999 0.5221544578125 0.9391004875 0.6738607984375 0.9441927640625 0.6315353546875
1 0.9366998828125 0.674029596875 0.108276065625 0.5273640359375 0.094915896875 0.563985690625 0.9314050953124999 0.7175035390625 0.9366998828125 0.674029596875
1 0.9248053625000001 0.721076653125 0.1016890140625 0.5712022078125 0.09178148750000001 0.6049812875 0.9206622109374999 0.7613804609375 0.9248053625000001 0.721076653125
1 0.9306096984375 0.7688320640625 0.08734926093749999 0.607708390625 0.0768919046875 0.649087828125 0.9192562203125 0.8107062468749999 0.9306096984375 0.7688320640625
0 0.7539779765625 0.9638256171874999 0.9220597140625 0.9857656578125 0.9269628203125 0.9519073515625 0.7567849921875001 0.92997873125 0.7539779765625 0.9638256171874999
4 0.74114199375 0.92432146875 0.055822871875 0.7909855640625 0.048272274999999996 0.8293249906250001 0.2718851765625 0.87881965 0.7308237906249999 0.96217516875 0.74114199375 0.92432146875