2 0.0878672375 0 0 0.452995396875 0 0.8906061968750001 0.004529878125 0.8927759859375 0.2011222 0.9460318140625 0.2656033765625 0.9400522718750001 0.5487560890625 1 0.9121681921875 1 1 0.5481445218750001 1 0.0878318078125 0.5481445218750001 0 0.0878672375 0
3 0.68456184375 1 0.69139131875 0.9767216328125 0.2106997265625 0.8963530796875 0.0416551515625 0.8605240468750001 0.031014796875 0.8950369953124999 0.6318808781249999 1 0.68456184375 1
0 0.6366236171875 0.6507399578124999 0.263443771875 0.5882994734375 0.257667846875 0.6213880640625 0.6310455953125 0.6835147984375001 0.6366236171875 0.6507399578124999
1 0.8571727328125001 0.6051456281250001 0.04362850625 0.454730915625 0.03270721875 0.4885837484375 0.8499407203124999 0.642351103125 0.8571727328125001 0.6051456281250001
1 0.8713916703125 0.5687042515625 0.048917282812500004 0.4112075125 0.0385829890625 0.44815689687500004 0.8650497500000001 0.6013306046875 0.8713916703125 0.5687042515625
1 0.047533940625 0.40321634843750004 0.8726191609375 0.56359666875 0.8836148015624999 0.527049559375 0.05476595468749999 0.3660108609375 0.047533940625 0.40321634843750004
1 0.058170496875 0.3607324453125 0.8846723687500001 0.5219821703124999 0.895070640625 0.4847381515625 0.06400067968749999 0.318502321875 0.058170496875 0.3607324453125
1 0.0664038640625 0.31837544375000004 0.8921418421875 0.47947665625 0.9061391109375 0.44309374687499997 0.0724565703125 0.27500053125 0.0664038640625 0.31837544375000004
1 0.07911765781249999 0.2715431421875 0.8994929718750001 0.435760121875 0.909988515625 0.4021590984375 0.0839635765625 0.23131778125000002 0.07911765781249999 0.2715431421875
1 0.0741476515625 0.22369370625 0.9144676609375001 0.39950976250000003 0.9256455953125 0.3583191328125 0.08623020625 0.1820240453125 0.0741476515625 0.22369370625
0 0.2541555796875 0.031812498437499996 0.086482346875 0.00694236875 0.080989078125 0.040709946875 0.2507582796875 0.065605240625 0.2541555796875 0.031812498437499996
4 0.2663001640625 0.0715346484375 0.9491878765624999 0.21681071406250002 0.9574064375000001 0.178608903125 0.7346913953125 0.1252191984375 0.277277434375 0.0338667921875 0.2663001640625 0.0715346484375