2 0.4650365953125 0 0 0.06535663124999999 0 0.5336439265624999 0.06573040625 1 0.404784121875 1 0.42164064375 0.9923896734375001 0.8956353734375 0.9338030109375 0.926765753125 0.9156639984374999 1 0.9078687296875 1 0.4650365953125 0.93464336875 0 0.4650365953125 0
3 0.348919459375 1 0.8377124031250001 0.9217850406249999 0.8361694296875 0.888438240625 0.35550115781249997 0.9689461546875 0.18400158125 0.9901046703124999 0.18432386875 1 0.348919459375 1
0 0.6782562984375 0.59804713125 0.3050791890625 0.6605039671874999 0.3103905359375 0.6936703015625 0.6836526187499999 0.630852378125 0.6782562984375 0.59804713125
1 0.871945521875 0.48313307656250004 0.053754103124999994 0.6057772640625 0.054449226562499994 0.6413413718750001 0.8772204374999999 0.5206660578125 0.871945521875 0.48313307656250004
1 0.8735256390625 0.4440478453125 0.044584904687499996 0.5629032203125 0.04684318125 0.6012040671875 0.8781513375 0.4769613953125 0.8735256390625 0.4440478453125
1 0.0406752609375 0.5557978 0.8730233890625 0.43881889999999996 0.871521396875 0.4006830984375 0.0354003421875 0.51826480625 0.0406752609375 0.5557978
1 0.0369009171875 0.51216555625 0.870871565625 0.3955474765625 0.8685778578125 0.35694721875 0.0286646796875 0.47033806718750004 0.0369009171875 0.51216555625
1 0.0308956265625 0.469435703125 0.8640956484375 0.35292590156250003 0.8654852109375 0.3139681203125 0.022497084375 0.4264533484375 0.0308956265625 0.469435703125
1 0.02766965 0.42101568437500003 0.8568135671875 0.3091978125 0.855797875 0.2740104046875 0.019155459375 0.38140418125000003 0.02766965 0.42101568437500003
1 0.0073921640625000005 0.3773912296875 0.8591704515625 0.27004714218750003 0.8563290390624999 0.2274614578125 0.0052501296875 0.334058096875 0.0073921640625000005 0.3773912296875
0 0 0.19354692812500002 0.1229122234375 0.170416853125 0.11512259218750001 0.137359134375 0 0.1588270484375 0 0.19354692812500002
4 0.139537790625 0.17096327656250002 0.83251806875 0.08599800156250001 0.827851578125 0.047201778124999996 0.5998883796875 0.069229746875 0.1376535484375 0.1317737671875 0.139537790625 0.17096327656250002