2 0.5398773140625 0 0.5351465875 0.00265455 0.0680617140625 0.102329634375 0.038630715625 0.1231128140625 0 0.130674953125 0 0.5569678015624999 0.1022820421875 1 0.5569678031249999 1 1 0.8977179578125 1 0.44381076249999996 0.8973530796875 0 0.5398773140625 0
3 0.562051203125 0 0.12681170625 0.109253553125 0.13125517343749998 0.14233898125 0.6030776296875 0.020244421874999998 0.698049159375 0 0.562051203125 0
0 0.31387665 0.41786202812499995 0.6801902359375 0.3231183296875 0.6720084640625 0.29054111875 0.3056417 0.3856519359375 0.31387665 0.41786202812499995
1 0.1309398921875 0.549219928125 0.9353287 0.3557323578125 0.9315366062500001 0.3203641671875 0.122413834375 0.5122895109375001 0.1309398921875 0.549219928125
1 0.132772290625 0.5882941453125 0.9481997249999999 0.397644103125 0.942611903125 0.359685825 0.1252955890625 0.5559089968750001 0.132772290625 0.5882941453125
1 0.9527137703124999 0.40438173906249997 0.1337283625 0.59345941875 0.13854839218749998 0.63131919375 0.9612398328125 0.44131216875 0.9527137703124999 0.40438173906249997
1 0.960276553125 0.44751899218749996 0.13964335 0.6363786375 0.1452925640625 0.6746321 0.97212695625 0.48846947968750004 0.960276553125 0.44751899218749996
1 0.9699831421875 0.4895628515625 0.15010819687500002 0.6782474640625 0.1521193171875 0.7171781078125 0.9820958859375001 0.5316496640625 0.9699831421875 0.4895628515625
1 0.977416928125 0.537517453125 0.161173721875 0.721174478125 0.165252334375 0.7561394640625 0.9893510890625 0.5762361625 0.977416928125 0.537517453125
1 1 0.5795150375 0.1622380125 0.7603815843749999 0.1687802 0.8025575734375 1 0.623766790625 1 0.5795150375
0 1 0.7686619921875 0.9043779078125 0.79546361875 0.9150190671875 0.8277166312500001 1 0.8040484875 1 0.7686619921875
4 0.88776798125 0.7963682890625 0.20482991562500003 0.9414074546875 0.2128599625 0.9796493359375 0.43803582656250006 0.9378368890625 0.8930606453125 0.8352444468750001 0.88776798125 0.7963682890625