2 0.10233882187500001 0 0 0.4443747390625 0 0.8960843875 0.4464961359375 1 0.8970771750000001 1 1 0.5414208765625 1 0.1022820421875 0.5569678031249999 0 0.10233882187500001 0
3 0.6115070328125001 0.888873896875 0.17956246250000002 0.7979027828125 0.1732095265625 0.9005250765625 0.612143596875 0.9980740000000001 0.6115070328125001 0.888873896875
0 0.72732621875 0.7124163046875001 0.8916609296875 0.7469901234375 0.9085225765624999 0.7219367437499999 0.7384015609375 0.6852729171874999 0.72732621875 0.7124163046875001
0 0.8897547453125 0.749915884375 0.691089334375 0.7094356953125 0.6933544421875 0.7337576218749999 0.8832626046875 0.7780364343749999 0.8897547453125 0.749915884375
4 0.08761471562499999 0.1245757390625 0.9714691265625 0.33199544687500004 0.998906840625 0.28245704531250004 0.1045354640625 0.0726093078125 0.08761471562499999 0.1245757390625
1 0.0671701375 0.186474296875 0.059940248437499996 0.217790390625 0.959133396875 0.428078140625 0.9655515640625 0.40123091093749996 0.0671701375 0.186474296875
1 0.06328653281249999 0.22462143281250002 0.0481837 0.24738821249999998 0.951313321875 0.46195060625 0.9585450890624999 0.4315792890625 0.06328653281249999 0.22462143281250002
1 0.0507922390625 0.2574147703125 0.0456280375 0.279783384375 0.9449687265625 0.48943206406249995 0.9506167078125 0.46592087812500005 0.0507922390625 0.2574147703125
1 0.049132831249999995 0.28592784843749997 0.03855666875 0.310412846875 0.9378973578125 0.5200615281250001 0.9377665125 0.49492013124999995 0.049132831249999995 0.28592784843749997
1 0.030146390625000002 0.3468417625 0.9319836546875001 0.551008253125 0.9365694171875001 0.52581346875 0.041053812499999995 0.3198636453125 0.030146390625000002 0.3468417625
1 0.023064059375 0.3775187109375 0.9241635734375 0.5848807421875 0.930655709375 0.5567602171875 0.0333098125 0.3534065921875 0.023064059375 0.3775187109375