2 0.10292282500000001 0 0 0.45857912343749996 0 0.8977179578125 0.44303219687500006 1 0.897661178125 1 1 0.5556252609375 1 0.1039156125 0.5535038640625001 0 0.10292282500000001 0
3 0.38849296718750004 0.111126103125 0.8204375374999999 0.2020972171875 0.8267904734375 0.0994749234375 0.38785640312499997 0.001926 0.38849296718750004 0.111126103125
0 0.27267378125 0.2875836953125 0.10833907031250001 0.2530098765625 0.09147742343750001 0.27806325625 0.2615984390625 0.3147270828125 0.27267378125 0.2875836953125
0 0.11024525468749999 0.250084115625 0.30891066562499997 0.2905643046875 0.30664555781249997 0.26624237812499996 0.1167373953125 0.221963565625 0.11024525468749999 0.250084115625
4 0.9123852843750001 0.8754242609375 0.0285308734375 0.6680045531250001 0.001093159375 0.7175429546875 0.8954645359375 0.9273906921874999 0.9123852843750001 0.8754242609375
1 0.9328298625 0.8135257031249999 0.9400597515625 0.782209609375 0.040866603125 0.571921859375 0.0344484359375 0.5987690890625 0.9328298625 0.8135257031249999
1 0.9367134671875 0.7753785671875 0.9518163 0.7526117875 0.048686678125 0.5380493937499999 0.0414549109375 0.5684207109375 0.9367134671875 0.7753785671875
1 0.9492077609375 0.7425852296875 0.9543719625 0.720216615625 0.05503127343749999 0.5105679359375 0.0493832921875 0.534079121875 0.9492077609375 0.7425852296875
1 0.95086716875 0.7140721515624999 0.9614433312499999 0.689587153125 0.0621026421875 0.479938471875 0.0622334875 0.50507986875 0.95086716875 0.7140721515624999
1 0.9698536093750001 0.6531582375 0.0680163453125 0.448991746875 0.0634305828125 0.47418653125 0.9589461874999999 0.6801363546875 0.9698536093750001 0.6531582375
1 0.976935940625 0.6224812890625 0.0758364265625 0.41511925781250003 0.069344290625 0.4432397828125 0.9666901875 0.6465934078125 0.976935940625 0.6224812890625