2 0.481696325 0 0 0.051491640625 0 0.5234665484375001 0.0498250640625 1 0.5262038890625 1 1 0.9502020218749999 1 0.5064692484375 0.94989613125 0 0.481696325 0
3 0.6720076453125 0.019305434375 0.22445710000000002 0.0626346359375 0.21825617187500002 0.1652662265625 0.6580676828125 0.12761399843750001 0.6720076453125 0.019305434375
0 0.759203640625 0.3451619203125 0.9325247953125 0.3295039171875 0.9188420718750001 0.3025823640625 0.7515188 0.3168711109375 0.759203640625 0.3451619203125
0 0.9142899421875 0.27074396875 0.720401096875 0.29154874999999997 0.715188775 0.3154133375 0.9173066578125001 0.29944610625 0.9142899421875 0.27074396875
4 0.055397373437499994 0.876009984375 0.9686762468750001 0.776722871875 0.9474802625000001 0.72420990625 0.044935865625 0.82236878125 0.055397373437499994 0.876009984375
1 0.9500444890624999 0.6547693437500001 0.9469460156249999 0.62734005 0.028827685937500003 0.72647626875 0.032187214062500004 0.7584400375 0.9500444890624999 0.6547693437500001
1 0.9467887765624999 0.6237933015625 0.9433122453125 0.5927670375 0.020765837500000002 0.6956663015625 0.0329815234375 0.7201039546875 0.9467887765624999 0.6237933015625
1 0.9431046796875 0.5887414640624999 0.940364090625 0.564717209375 0.022177203125 0.6632011421875 0.024576862499999998 0.68603238125 0.9431046796875 0.5887414640624999
1 0.9338843859375 0.558392321875 0.9370782234374999 0.5334542718749999 0.0188913359375 0.631938203125 0.026404695312499997 0.6575296046875 0.9338843859375 0.558392321875
1 0.022521628125000002 0.6228621750000001 0.936461165625 0.52758336875 0.93498005625 0.50201751875 0.0149833140625 0.59475586875 0.022521628125000002 0.6228621750000001
1 0.018923209375 0.5886254953125001 0.9343629968749999 0.49614659375 0.9313462828124999 0.4674444828125 0.011692353125 0.5634444625 0.018923209375 0.5886254953125001