2 0.0260456140625 0 0 0.49188846406250003 0 0.9744822828125 0.48690704062499995 1 0.9685152703125001 1 1 0.46216216406250005 1 0.025563000000000002 0.4951091609375 0 0.0260456140625 0
3 0.74508714375 0.05213150625 0.29626850781249997 0.0249149234375 0.27408880468749997 0.12531291093750002 0.7143756125 0.156925921875 0.74508714375 0.05213150625
0 0.7802344265625 0.3876166171875 0.9538711609374999 0.39926479062500003 0.944568353125 0.3705342375 0.7770698546875 0.358471940625 0.7802344265625 0.3876166171875
0 0.9450528890625 0.33837571718750004 0.750296553125 0.328593459375 0.741415159375 0.351348846875 0.9435424609374999 0.3671964 0.9450528890625 0.33837571718750004
4 0.00205025 0.801829503125 0.9196170703125001 0.8466330718749999 0.90689688125 0.7914508453125 0.00010887187500000001 0.747212171875 0.00205025 0.801829503125
1 0 0.6821869671874999 0.9202924359375 0.7232663453125 0.9215229968750001 0.69569004375 0 0.6500200328125 0 0.6821869671874999
1 0 0.6307491421875 0.0042994515625 0.6443363234375 0.9219225265625001 0.6921623640625 0.923342375 0.6609742359374999 0 0.618470090625 0 0.6307491421875
1 0.9237671015625001 0.6569657515625 0.924818475 0.6328085546875 0.0025297109375 0.5864439109374999 0.001328234375 0.60936945 0.9237671015625001 0.6569657515625
1 0.919407978125 0.6255478875 0.9264636640624999 0.6014164921875 0.0041749000000000005 0.5550518484375 0.0075923796875 0.581503525 0.919407978125 0.6255478875
1 0.0091803015625 0.5466554640625 0.9267726156249999 0.5955213406250001 0.9293091203125 0.5700385531250001 0.006131590625000001 0.517715940625 0.0091803015625 0.5466554640625
1 0.0109819796875 0.5122773781250001 0.9296180734374999 0.5641433796875 0.9311285 0.5353227203124999 0.0077793296875 0.48627521093750004 0.0109819796875 0.5122773781250001