2 0.9938870859375 1 1 0 0.0005400046875 0.0017713718749999999 0 1 0.9938870859375 1
3 0.2547888015625 0.137649684375 0.6961267078125 0.14617654062500002 0.721311634375 0.039918425 0.2716836828125 0.03622849375 0.2547888015625 0.137649684375
0 0.9371833734375 0.34744475625 0.769283134375 0.344165184375 0.7739686828125001 0.37310429843750004 0.9479770734375 0.3756490640625 0.9371833734375 0.34744475625
0 0.7333045078125 0.33891787500000004 0.9359841984375 0.344165184375 0.9359841984375 0.3153049484375 0.7409828046875 0.31572885624999997 0.7333045078125 0.33891787500000004
4 0.9215926015625 0.769756084375 0.013732040625 0.77303565625 0.0185292078125 0.8274765328125 0.9371833734375 0.8241969625 0.9215926015625 0.769756084375
1 0.0077356015625 0.675984690625 0.0077356015625 0.708124525 0.931401296875 0.700963959375 0.9311869390625 0.6733610484375 0.0077356015625 0.675984690625
1 0.002938434375 0.6445008109375 0.012532771875000001 0.670081478125 0.931401296875 0.66981729375 0.9311869390625 0.6385975984375001 0.002938434375 0.6445008109375
1 0.0077356015625 0.6123610265625 0.0077356015625 0.6353180265625 0.931401296875 0.6345723796875 0.9311869390625 0.6103932640624999 0.0077356015625 0.6123610265625
1 0.0077356015625 0.5809258828125 0.012532771875000001 0.6071624515625 0.9254038625 0.6034257109375 0.9311869390625 0.5789581203124999 0.0077356015625 0.5809258828125
1 0.9323863015624999 0.5474742640625 0.0077356015625 0.5435387375 0.0122947109375 0.5722790421874999 0.9311869390625 0.5730548796875 0.9323863015624999 0.5474742640625
1 0.9323863015624999 0.5127107890625 0.0077356015625 0.512054859375 0.0122947109375 0.537853778125 0.9323863015624999 0.541571 0.9323863015624999 0.5127107890625