2 0.239227790625 0 0 0.62855989375 0 0.88366349375 0.43417374999999997 1 0.857956403125 1 1 0.33301474999999997 1 0.116362346875 0.5647683015625 0 0.239227790625 0
3 0.57530161875 0.0609223421875 0.905153928125 0.15209666093750002 0.9053917796875 0.128091028125 0.58060386875 0.041134079687500005 0.57530161875 0.0609223421875
1 0.3577559875 0.3156600609375 0.8411467046875 0.463044428125 0.8518671624999999 0.4352768921875 0.3677836609375 0.2893241640625 0.3577559875 0.3156600609375
0 1 0.21519612968750002 0.8351225437500001 0.166757509375 0.8296807609375 0.18706651875 1 0.239822971875 1 0.21519612968750002
0 0.440097559375 0.07765483125 0.52865909375 0.10194295625000001 0.53416245 0.0788373453125 0.44415805781250006 0.054185040625 0.440097559375 0.07765483125
1 0.344194184375 0.3884487484375 0.8228782640625001 0.5312231749999999 0.8429745828125 0.468464446875 0.35775231406249997 0.3239895796875 0.344194184375 0.3884487484375
1 0.8138086156250001 0.5650715640625 0.3254181609375 0.4224869390625 0.3148324453125 0.45090590781250006 0.8037753578125001 0.5939651875 0.8138086156250001 0.5650715640625
1 0.32320441875 0.41966127656249996 0.8109018750000001 0.5620601265625 0.8201656015625 0.5327959671875 0.330604315625 0.389272403125 0.32320441875 0.41966127656249996
1 0.8044646203125 0.59717196875 0.31620898125 0.456856065625 0.3070045703125 0.488435746875 0.8004296984374999 0.627244121875 0.8044646203125 0.59717196875
1 0.295162959375 0.52154135 0.7942365375 0.66029090625 0.8025002421874999 0.633378578125 0.3058883125 0.49260167499999996 0.295162959375 0.52154135
1 0.7900796609375 0.6647168999999999 0.2937780015625 0.5267100796874999 0.2856997671875 0.5590683640624999 0.7815681578125 0.6964822671875 0.7900796609375 0.6647168999999999
1 0.785856184375 0.7026544765625 0.28123408125 0.5652088140625 0.272813178125 0.596765384375 0.777344690625 0.7344198046875 0.785856184375 0.7026544765625
1 0.777344690625 0.7344198046875 0.2681414203125 0.6002117546875 0.258716953125 0.6320459125 0.774930453125 0.7683770734375 0.777344690625 0.7344198046875
1 0.7717399312500001 0.7691965875 0.255602253125 0.63592110625 0.2494701921875 0.6700207640625 0.7632237296875 0.8037513531249999 0.7717399312500001 0.7691965875
1 0.7673872484375 0.8076161531249999 0.2479195125 0.6756809421875001 0.23849069687500002 0.7075313296875 0.762335984375 0.8430993499999999 0.7673872484375 0.8076161531249999
4 0.6092665359375 0.9265063843749999 0.2389143390625 0.8423403671875 0.2297051703125 0.8767094562500001 0.5974378984375 0.9620337156250001 0.6092665359375 0.9265063843749999