2 0.01912573125 0 0.0711430125 1 0.8727005171875 0.9995572359375 0.9748779859375001 0 0.01912573125 0
3 0.5409058812499999 0.9436059421874999 0.1986953671875 0.9409103734375 0.204678734375 0.96415959375 0.5409058812499999 0.964092259375 0.5409058812499999 0.9436059421874999
1 0.6851078515625 0.6412432484374999 0.18004239375 0.6239916062499999 0.17687399374999999 0.65358764375 0.6822380953125 0.669277125 0.6851078515625 0.6412432484374999
0 0.08247288750000001 0.9043106984374999 0.26254598281249997 0.908623625 0.26254598281249997 0.8875981906250001 0.081799728125 0.8806218015624999 0.08247288750000001 0.9043106984374999
0 0.6671722875 0.8924502140625 0.5753421859375 0.8919110984374999 0.5760065234375 0.915653778125 0.6693245765625 0.916171225 0.6671722875 0.8924502140625
1 0.67936845 0.5674247218749999 0.18004239375 0.5534077734375 0.17687399374999999 0.619229359375 0.6829555625 0.6331966 0.67936845 0.5674247218749999
1 0.18004239375 0.5183653421875001 0.6886949640625 0.5296867625 0.6915646093750001 0.49949636249999996 0.18225555625 0.48785944687500005 0.18004239375 0.5183653421875001
1 0.6915646093750001 0.531843184375 0.18362950625000002 0.520521846875 0.18225555625 0.5511864828124999 0.6922820765625 0.563111815625 0.6915646093750001 0.531843184375
1 0.1807598046875 0.484940328125 0.6886949640625 0.49410522500000004 0.68941231875 0.4612193171875 0.17687399374999999 0.45484854375 0.1807598046875 0.484940328125
1 0.6922820765625 0.42617692656250006 0.17430299062500001 0.42132489375000004 0.1732862875 0.4494590109375 0.68941231875 0.45690643125 0.6922820765625 0.42617692656250006
1 0.1771726921875 0.4159738328125 0.6922820765625 0.4208258640625 0.6917101125 0.387479359375 0.1771726921875 0.3830879046875 0.1771726921875 0.4159738328125
1 0.17143329062499998 0.37823583125 0.6944343671875 0.3803923359375 0.6944008937499999 0.347731540625 0.17143329062499998 0.34534994375 0.17143329062499998 0.37823583125
1 0.17143329062499998 0.34534994375 0.6980214796875 0.3431934625 0.6988855296875001 0.31000479531249997 0.1649764765625 0.311924890625 0.17143329062499998 0.34534994375
1 0.167846178125 0.3103075328125 0.700891125 0.3054555015625 0.6979886 0.2709306671875 0.167128765625 0.2747260375 0.167846178125 0.3103075328125
1 0.16210683125 0.272070525 0.6980214796875 0.265062009375 0.6988855296875001 0.231856540625 0.1578022515625 0.2364890265625 0.16210683125 0.272070525
4 0.28406865625 0.11630672812500001 0.6635851749999999 0.10175065624999999 0.6635851749999999 0.0661691578125 0.2862990921875 0.0789284859375 0.28406865625 0.11630672812500001