2 0.491249453125 0 0.10166545 0.020633028125 0.05313830625 1 0.5130929656250001 1 1 0.9744822843750001 1 0.9131870640624999 0.904379715625 0 0.491249453125 0
3 0.43593363749999997 0.05914285312499999 0.7778162390625 0.0439248125 0.7706243015625 0.0210206 0.43486146718749996 0.0386846109375 0.43593363749999997 0.05914285312499999
1 0.30775373125 0.3686381171875 0.8130298968749999 0.3594330328125 0.8146450171874999 0.329711734375 0.309152375 0.34049246875 0.30775373125 0.3686381171875
0 0.8957949187500001 0.0743917140625 0.7157428859375 0.079508996875 0.7168432734375 0.100505615625 0.8977069375 0.098012915625 0.8957949187500001 0.0743917140625
0 0.312517559375 0.11683674687500001 0.4042500265625 0.1125691078125 0.40234400312499996 0.088893734375 0.3091267578125 0.0932608875 0.312517559375 0.11683674687500001
1 0.31734863125 0.4420551 0.8167239687500001 0.4299201328125 0.816443190625 0.36402293124999996 0.3103242 0.3765610953125 0.31734863125 0.4420551
1 0.8185579484375 0.46491453906249997 0.31000995 0.48022945312500004 0.30872428125 0.5105286640625 0.8179443734375 0.49549445625 0.8185579484375 0.46491453906249997
1 0.3070313796875 0.478226171875 0.8148628890625 0.46294872500000006 0.8146300921874999 0.4322542078125 0.304678421875 0.44703794375 0.3070313796875 0.478226171875
1 0.81959085 0.4983312921875 0.31187214375 0.515762228125 0.3128768890625 0.548640609375 0.8250462171875 0.52817846875 0.81959085 0.4983312921875
1 0.311845040625 0.5837851671875 0.8293681906250001 0.5615216203125 0.8289110734375 0.53337285 0.3131026078125 0.5529475859375 0.311845040625 0.5837851671875
1 0.8267824734375001 0.5670155359375 0.31212509375 0.5891288968749999 0.3144414953125 0.6223997671875 0.828503590625 0.5998563953125 0.8267824734375001 0.5670155359375
1 0.8344890640625 0.6044014421874999 0.31209187968749996 0.6296196546874999 0.313834640625 0.6622339375 0.8362101781250001 0.6372422609374999 0.8344890640625 0.6044014421874999
1 0.8362101781250001 0.6372422609374999 0.310456521875 0.6669552828125 0.3113306171875 0.7001436875 0.8444074765625 0.6702835828125 0.8362101781250001 0.6372422609374999
1 0.8416263531249999 0.6720489125 0.3095658609375 0.7047917109374999 0.3142712984375 0.7391173234374999 0.8442049734375001 0.7075440984375 0.8416263531249999 0.6720489125
1 0.8493590046874999 0.70993314375 0.31454560625 0.744979659375 0.3154205796875 0.7781848421875 0.8555198765625001 0.74524059375 0.8493590046874999 0.70993314375
4 0.7357163718749999 0.8718664609375001 0.3574817734375 0.9062649437499999 0.3593439640625 0.9417976781249999 0.73544521875 0.909310209375 0.7357163718749999 0.8718664609375001