2 0.21085811250000003 0 0 0.6967843125 0 0.9121681921875 0.451855475 1 0.8882718265625 1 1 0.20725294062500002 1 0.087841196875 0.5467596984374999 0 0.21085811250000003 0
3 0.5444896796875 0.0567391390625 0.8798984828125 0.1246820265625 0.8784612078125 0.1007182796875 0.548398653125 0.0366292125 0.5444896796875 0.0567391390625
1 0.3452435828125 0.3260315453125 0.8377377984375001 0.4393372578125 0.846495175 0.4108895421875 0.3534097296875 0.2990603046875 0.3452435828125 0.3260315453125
0 0.98700208125 0.18278555624999998 0.8110603812500001 0.1441923046875 0.8070485390625001 0.1648314421875 0.98314281875 0.2061676671875 0.98700208125 0.18278555624999998
0 0.41078216875000007 0.082862225 0.5008222250000001 0.10091344531249999 0.5047004109375 0.0774802234375 0.41319560624999996 0.059166360937499995 0.41078216875000007 0.082862225
1 0.336792296875 0.399588946875 0.8242697671875 0.5086242671875 0.83993930625 0.44461656875 0.34582095625 0.3343410296875 0.336792296875 0.399588946875
1 0.8175833562499999 0.5430228703125 0.3204363953125 0.43485397031249995 0.31185887343749996 0.463942134375 0.80959005625 0.5725459953125001 0.8175833562499999 0.5430228703125
1 0.3180309375 0.4321896140625 0.8144736296874999 0.5402215328125 0.821673425 0.5103824546875 0.3232929890625 0.40135857656249996 0.3180309375 0.4321896140625
1 0.8105013328125 0.575696884375 0.3136471171875 0.46978177499999996 0.306668015625 0.5019265984375 0.8085739671875001 0.6059772453125001 0.8105013328125 0.575696884375
1 0.2971645796875 0.5357775859375 0.8047011203125001 0.6393755421875 0.8110673859374999 0.6119523234375001 0.305845078125 0.50616024375 0.2971645796875 0.5357775859375
1 0.8008631125000001 0.6440807234375 0.29614355 0.541030334375 0.2903421921875 0.57387330625 0.79458818125 0.6763624453125 0.8008631125000001 0.6440807234375
1 0.7992963140625 0.6822205015625 0.286315721875 0.5803103078125 0.28011660625 0.6123774203125001 0.7930213921875 0.7145021828125 0.7992963140625 0.6822205015625
1 0.7930213921875 0.7145021828125 0.27569663437499997 0.6161412796875 0.2685157640625 0.648555309375 0.792981775 0.7485451421875 0.7930213921875 0.7145021828125
1 0.7898561921875 0.74958521875 0.2656789703125 0.652638334375 0.26194051875 0.687082678125 0.783771153125 0.784649871875 0.7898561921875 0.74958521875
1 0.788194125 0.7882148250000001 0.26078845 0.6928372390625 0.25360437343750003 0.7252677609375 0.7856303484375 0.8239639437499999 0.788194125 0.7882148250000001
4 0.6387519484374999 0.9178453890625 0.26343078750000004 0.8597188593749999 0.25664151875 0.894646625 0.6294303875 0.9541112999999999 0.6387519484374999 0.9178453890625