2 0.9748779859375001 1 0.8727005171875 0.00044276406249999997 0.0711430125 0 0.01912573125 1 0.9748779859375001 1
3 0.1986953671875 0.0590896265625 0.5409058812499999 0.056394057812499995 0.5409058812499999 0.035907740625000004 0.204678734375 0.03584040625 0.1986953671875 0.0590896265625
1 0.18004239375 0.37600839375 0.6851078515625 0.3587567515625 0.6822380953125 0.330722875 0.17687399374999999 0.34641235625 0.18004239375 0.37600839375
0 0.26254598281249997 0.091376375 0.08247288750000001 0.0956893015625 0.081799728125 0.1193781984375 0.26254598281249997 0.112401809375 0.26254598281249997 0.091376375
0 0.5753421859375 0.10808890156249999 0.6671722875 0.1075497859375 0.6693245765625 0.083828775 0.5760065234375 0.084346221875 0.5753421859375 0.10808890156249999
1 0.18004239375 0.4465922265625 0.67936845 0.432575278125 0.6829555625 0.3668034 0.17687399374999999 0.380770640625 0.18004239375 0.4465922265625
1 0.6886949640625 0.4703132375 0.18004239375 0.4816346578125 0.18225555625 0.512140553125 0.6915646093750001 0.5005036375 0.6886949640625 0.4703132375
1 0.18362950625000002 0.479478153125 0.6915646093750001 0.468156815625 0.6922820765625 0.436888184375 0.18225555625 0.4488135171875 0.18362950625000002 0.479478153125
1 0.6886949640625 0.505894775 0.1807598046875 0.515059671875 0.17687399374999999 0.5451514562499999 0.68941231875 0.5387806828125 0.6886949640625 0.505894775
1 0.17430299062500001 0.57867510625 0.6922820765625 0.5738230734374999 0.68941231875 0.54309356875 0.1732862875 0.5505409890624999 0.17430299062500001 0.57867510625
1 0.6922820765625 0.5791741359375 0.1771726921875 0.5840261671875 0.1771726921875 0.6169120953125 0.6917101125 0.612520640625 0.6922820765625 0.5791741359375
1 0.6944343671875 0.6196076640625 0.17143329062499998 0.62176416875 0.17143329062499998 0.6546500562500001 0.6944008937499999 0.652268459375 0.6944343671875 0.6196076640625
1 0.6980214796875 0.6568065375 0.17143329062499998 0.6546500562500001 0.1649764765625 0.6880751093749999 0.6988855296875001 0.6899952046875 0.6980214796875 0.6568065375
1 0.700891125 0.6945444984375 0.167846178125 0.6896924671875 0.167128765625 0.7252739625 0.6979886 0.7290693328125 0.700891125 0.6945444984375
1 0.6980214796875 0.734937990625 0.16210683125 0.727929475 0.1578022515625 0.7635109734375 0.6988855296875001 0.768143459375 0.6980214796875 0.734937990625
4 0.6635851749999999 0.8982493437500001 0.28406865625 0.8836932718750001 0.2862990921875 0.9210715140625 0.6635851749999999 0.9338308421875 0.6635851749999999 0.8982493437500001