2 0.19276732968750002 0 0.0862648609375 0.317911903125 0 0.5268428265625 0 0.8977179578125 0.44303219531250004 1 0.8225640171874999 1 0.868414909375 0.6033934999999999 0.940155140625 0.0884657671875 0.5569678031249999 0 0.19276732968750002 0
3 0.46536980625 0.0327927765625 0.443919075 0.0680469703125 0.7457244875 0.13494673906250002 0.7473081625 0.1076405921875 0.46536980625 0.0327927765625
0 0.32019041718749996 0.8569816375 0.3056472859375 0.882407871875 0.4851189640625 0.9277450671875 0.49711694531250006 0.8983162218749999 0.32019041718749996 0.8569816375
1 0.19262837500000002 0.20737349218749998 0.316375565625 0.257408678125 0.8806584140625 0.38280501718750004 0.8953725921875 0.3491246359375 0.335057028125 0.21781415937499998 0.2096308625 0.17129426875 0.19262837500000002 0.20737349218749998
1 0.150768759375 0.35947526875 0.2470087296875 0.39504744375 0.8662159781250001 0.540673375 0.8795041250000001 0.47728339843749995 0.2733072125 0.33769018281249996 0.1715718484375 0.30471271718750004 0.150768759375 0.35947526875
1 0.1719067453125 0.3007827703125 0.264739071875 0.3316794125 0.8695210984375 0.47297457343750005 0.8727652859375 0.45184897968750004 0.275831825 0.3136408765625 0.1803025203125 0.2815648296875 0.1719067453125 0.3007827703125
1 0.1759703671875 0.2788944453125 0.25810015937499997 0.308990465625 0.8777094328124999 0.45036830937500005 0.8811628125000001 0.43112284375 0.2574653640625 0.2860174484375 0.1830968828125 0.2565997984375 0.1759703671875 0.2788944453125
1 0.181111809375 0.25350075781250003 0.2642551296875 0.28781959687500003 0.8821346140624999 0.42900473437500003 0.8833320875 0.40879104843749997 0.2831399609375 0.273640771875 0.19373008281249998 0.23641164531249997 0.181111809375 0.25350075781250003
1 0.185025403125 0.229035515625 0.27483090312499997 0.2683074796875 0.8844763203125 0.407591634375 0.8904004015625 0.389444878125 0.28436944999999997 0.24953160937500002 0.198969753125 0.2137161375 0.185025403125 0.229035515625
1 0.139346909375 0.40913565625 0.21210555625 0.4367771359375 0.8627792515625 0.5892799234375 0.8666319421875001 0.54622333125 0.228981321875 0.39444425625 0.1501051078125 0.362536778125 0.139346909375 0.40913565625
1 0.1069216046875 0.4792686671875 0.1904387984375 0.504257425 0.850369896875 0.6606096375 0.8596645015625001 0.6159557625 0.202835871875 0.4637441796875 0.1284885265625 0.438589571875 0.1069216046875 0.4792686671875
1 0.1259637203125 0.43634134375 0.219826809375 0.4648600796875 0.8582280078125001 0.61338805 0.858415465625 0.5906022484375 0.22566874375 0.4439504109375 0.1356962359375 0.41176408125 0.1259637203125 0.43634134375
4 0.07624360625 0.6033598265625 0.039527165625 0.6525266640625 0.81983016875 0.8412347265625 0.8364054781249999 0.791413 0.07624360625 0.6033598265625