2 0.46941869531249997 0 0.005960971875 0.056905453125000005 0.11844056875 0.5288472109375 0.2191765078125 1 0.5305813125000001 1 0.9618385437500001 0.9470482703125 0.9510616546874999 0.5296010890625 0.963531403125 0.236374671875 0.9408321187500001 0 0.46941869531249997 0
3 0.6923360187500001 0.9271869562499999 0.7004354687500001 0.88672226875 0.39395008125 0.9270805796875001 0.40180116562499996 0.9532816140625 0.6923360187500001 0.9271869562499999
0 0.546870828125 0.10304849062500002 0.551840615625 0.0741816015625 0.3676861703125 0.092961503125 0.3664770140625 0.1247191234375 0.546870828125 0.10304849062500002
1 0.8889190078125001 0.6698516828125001 0.7555216437500001 0.6651580203125 0.18238114218749998 0.7403201046875 0.1800737078125 0.7770018578125 0.7515089359375 0.7087541328125 0.8852817171874999 0.7095702562499999 0.8889190078125001 0.6698516828125001
1 0.876232309375 0.512605934375 0.77362991875 0.5120950328125 0.141958434375 0.5870327718749999 0.151152309375 0.651144678125 0.7685347671875 0.5749878374999999 0.87541369375 0.571180975 0.876232309375 0.512605934375
1 0.876443115625 0.5749884578125 0.778641990625 0.5777056375 0.16200699062499999 0.651779253125 0.16618383125 0.67274039375 0.7743877546875 0.5984502625 0.8751265921875 0.5959189406250001 0.876443115625 0.5749884578125
1 0.8801108078125001 0.596946596875 0.792640603125 0.5967556328125 0.1620442703125 0.6758227671875 0.1653814921875 0.6950887156250001 0.80109435 0.61812609375 0.8810392921875 0.6203341234375 0.8801108078125001 0.596946596875
1 0.8839645859375 0.622567334375 0.7940976875 0.6187548656249999 0.16519273437499998 0.6974114625000001 0.170980965625 0.716815675 0.7812011937500001 0.63853759375 0.8779521078125001 0.64294155 0.8839645859375 0.622567334375
1 0.888654615625 0.64689566875 0.7908332484375 0.640707384375 0.1703159609375 0.7183341046875 0.1709557015625 0.7374126328124999 0.7882916718749999 0.6616133078125 0.8807907484375 0.666060425 0.888654615625 0.64689566875
1 0.8699804828125 0.46203393125 0.7921557781249999 0.4609443609375 0.12856348125 0.5401821265625 0.139669359375 0.5819597859375001 0.7907764421875 0.5064961078125 0.8758088390625 0.5095020734375 0.8699804828125 0.46203393125
1 0.8764633999999999 0.3850403515625 0.7894362515625 0.3901231625 0.11582826093750001 0.46890987031250003 0.12236671406249999 0.5140497296875 0.791643159375 0.43243320937499996 0.8701101937500001 0.43064252031250005 0.8764633999999999 0.3850403515625
1 0.873251675 0.4318916265625 0.7752952390625001 0.4371958484375 0.1245947875 0.5159712812499999 0.1322118375 0.5374470453125 0.7769571453124999 0.45884256875 0.8725120203125 0.458315415625 0.873251675 0.4318916265625
4 0.8628496125 0.2579403109375 0.8805357328125 0.199180834375 0.0827488015625 0.28873260625 0.0842131390625 0.34121880312499997 0.8628496125 0.2579403109375