2 0.185470871875 0 0.1334456671875 0.39019252031249996 0.052729634375 0.9037897875 0.43860771875 1 0.800333671875 1 0.91049425 0.6892810375 1 0.4827925390625 1 0.10935718593749999 0.5613922796875 0 0.185470871875 0
3 0.526471028125 0.9677404453125 0.5485337640625 0.9328659890625 0.2479418796875 0.860709178125 0.2458818875 0.8879835265624999 0.526471028125 0.9677404453125
0 0.6860123859375 0.1462108421875 0.7009970515624999 0.1210422921875 0.52234395 0.072579790625 0.5098341921875 0.10179476093749999 0.6860123859375 0.1462108421875
1 0.8022177734374999 0.7979463124999999 0.6793626640625 0.7457590625 0.117354228125 0.610533728125 0.10205448749999999 0.6439521828125 0.6599930281249999 0.7850215140625 0.7845882078125 0.8337233078124999 0.8022177734374999 0.7979463124999999
1 0.84672555625 0.6465982546875 0.7511210640625 0.609351878125 0.13454964687499998 0.4529414703125 0.120157215625 0.51608988125 0.723825565625 0.66624143125 0.824969896875 0.7009894015625 0.84672555625 0.6465982546875
1 0.8245664640625 0.7049129046875 0.7322874984375 0.6724008218749999 0.130063521875 0.5205722781250001 0.1264511375 0.541638034375 0.7208816171875 0.6902430140625 0.81583656875 0.7239813921875 0.8245664640625 0.7049129046875
1 0.8201214562500001 0.7267269765625 0.738529421875 0.6952021765625 0.12148190156250001 0.5430321921875 0.11769316875 0.5622144578125 0.7387631859375 0.7181827734375 0.81260693125 0.7488938515625 0.8201214562500001 0.7267269765625
1 0.8145376171875001 0.752027065625 0.7320059062500001 0.716262403125 0.11668454843750001 0.5643152828125 0.11513447968749999 0.58450499375 0.712876496875 0.73010948125 0.8016230203125 0.7688933546875 0.8145376171875001 0.752027065625
1 0.8101976421874999 0.7764202796874999 0.7210912109375001 0.735586975 0.1139694890625 0.5856842546875 0.1077296046875 0.60372485625 0.71122643125 0.754193515625 0.7959880546875 0.7914939624999999 0.8101976421874999 0.7764202796874999
1 0.8590123593750001 0.59714476875 0.7867472046875 0.5682376859375 0.13883415 0.40440230312500003 0.13423060625 0.44738509843749996 0.7691351984375 0.6102695953125 0.8474425374999999 0.64354879375 0.8590123593750001 0.59714476875
1 0.892656715625 0.5275883390625 0.8095883562499999 0.5011458109375 0.152486490625 0.3333000265625 0.142413984375 0.37778488593750004 0.7964861171875001 0.5414365265625001 0.8703831296875 0.5678848453125 0.892656715625 0.5275883390625
1 0.872868315625 0.57017679375 0.7795172421875 0.5400242640624999 0.14380544687500002 0.3803772796875 0.14322035 0.40315633906250004 0.7733112734375001 0.5608287921875 0.8627083499999999 0.5945804578125 0.872868315625 0.57017679375
4 0.9254957312500001 0.40405148437499994 0.9630646593750001 0.355532925 0.1861739109375 0.15323543906249998 0.16873161718750002 0.20276029843750001 0.9254957312500001 0.40405148437499994