2 0.09018561093750001 0 0.055987309375 0.2046825328125 0.0479722421875 0.4980645109375 0.0081019609375 0.9137430546875001 0.45185547656249997 1 0.7505528578125 1 0.8786176921875001 0.55539318125 1 0.168190215625 1 0.0878318078125 0.5481445218750001 0 0.09018561093750001 0
3 0.2730764 0.8717985625000001 0.278333446875 0.91272966875 0.5663403 0.959027446875 0.5759999515625001 0.9334379015625001 0.2730764 0.8717985625000001
0 0.4779892546875 0.0716026546875 0.480933284375 0.10074590000000001 0.6593760015625 0.13494738125 0.660385090625 0.1031827734375 0.4779892546875 0.0716026546875
1 0.10103792656249999 0.682183859375 0.234541775 0.6907012421875 0.7998242953125 0.798644025 0.8000812703125 0.76189066875 0.23357995312500002 0.646931415625 0.100180125 0.6423083140625 0.10103792656249999 0.682183859375
1 0.1205354609375 0.544820046875 0.22688848281250001 0.5560731328124999 0.8374545953125001 0.6751108828125 0.8510982953124999 0.6117964812500001 0.22619292343750003 0.4929781109375 0.123804828125 0.4863305875 0.1205354609375 0.544820046875
1 0.11909623124999999 0.569517778125 0.21941309687500002 0.5790701203124999 0.8209532484375 0.6956054468749999 0.8265820890625 0.674986728125 0.216616296875 0.55807926875 0.11924295 0.5485464453125 0.11909623124999999 0.569517778125
1 0.11149481718750001 0.5934610390625 0.191399040625 0.5968350640625 0.8201946921875001 0.7179552953125 0.8248677093750001 0.698969071875 0.20132292343749997 0.5761063640625 0.11405247031250001 0.57019525 0.11149481718750001 0.5934610390625
1 0.11299746562499999 0.6162287453124999 0.2098199046875 0.6185845203125 0.8130932640624999 0.7392387296875 0.820220965625 0.7202855515625 0.1983348 0.5979503671875 0.10842086718749999 0.5954847515624999 0.11299746562499999 0.6162287453124999
1 0.1085530484375 0.639093290625 0.20113701874999998 0.641109415625 0.8116816953124999 0.759787278125 0.813650728125 0.7407998499999999 0.20005995625 0.6200771265625 0.10204520312500001 0.6194266640625 0.1085530484375 0.639093290625
1 0.12444378125 0.483263828125 0.20947872968749998 0.48619674375 0.8537356687500001 0.6068955296875 0.8677287546875 0.5659943468749999 0.2112802828125 0.440659740625 0.13356915 0.43631788125000004 0.12444378125 0.483263828125
1 0.135629509375 0.40499388906249995 0.21378049062499999 0.41225379999999995 0.8757333296875001 0.5403578718750001 0.885404653125 0.4957840703125 0.21893342031250002 0.3702007640625 0.132472825 0.359059628125 0.135629509375 0.40499388906249995
1 0.1313031703125 0.43243183281249997 0.22658850468749997 0.4396232734375 0.8642800749999999 0.56301143125 0.87337664375 0.5421193203125 0.2297563625 0.4181452109375 0.1324085484375 0.4060208140625 0.1313031703125 0.43243183281249997
4 0.14137531718750002 0.173368784375 0.1549195015625 0.233218846875 0.9258500421875 0.3706094109375 0.9309720640625001 0.3183532140625 0.14137531718750002 0.173368784375