2 0.1637010671875 0 0.11776906406250001 0.517868209375 0.0636431046875 1 1 1 0.99220415625 0.7051700375000001 0.9440920437500001 0.415648965625 0.9039145906250001 0 0.1637010671875 0
3 0.6518118640624999 0.0917333609375 0.63884138125 0.052557365625 0.3472919921875 0.06206450625 0.34269253125 0.0890270484375 0.6518118640624999 0.0917333609375
0 0.6033484125 0.9163266312499999 0.5948976796875 0.8882805765624999 0.41320750781250004 0.8887559484375 0.41827793125 0.92012949375 0.6033484125 0.9163266312499999
1 0.1487003546875 0.2640520796875 0.15546097187500002 0.30017920625 0.7334893250000001 0.30493278749999997 0.8653203515625 0.2840170625 0.856869696875 0.24503781875000002 0.724193496875 0.262150659375 0.1487003546875 0.2640520796875
1 0.1353326640625 0.3924957703125 0.1340205953125 0.45725024843749995 0.770116309375 0.4546480234375 0.871891653125 0.44163684375 0.8639406390625 0.3835981765625 0.75739443125 0.3928449546875 0.1353326640625 0.3924957703125
1 0.1476202875 0.36922914375000004 0.14602910156249999 0.390543071875 0.7670950999999999 0.38891565156249996 0.864498371875 0.37969361875 0.8606408765625 0.35907959375 0.7603444406250001 0.368844115625 0.1476202875 0.36922914375000004
1 0.1441003546875 0.347145184375 0.14313593593750001 0.36667423125 0.778667759375 0.3683016515625 0.8654627015624999 0.3574521734375 0.8635340421875 0.33412582031250004 0.7844540890625 0.3460602296875 0.1441003546875 0.347145184375
1 0.1470102390625 0.3248977703125 0.14362993125 0.3448627546875 0.77743295 0.3462888234375 0.866165371875 0.33155275156249997 0.8577147171874999 0.3120631390625 0.7622216765625 0.3282252390625 0.1470102390625 0.3248977703125
1 0.1444750265625 0.30445741718749997 0.1461651421875 0.3234717015625 0.7715175046875 0.3248977703125 0.8678555640625 0.3068341859375 0.8577147171874999 0.28877064531249996 0.76644708125 0.30445741718749997 0.1444750265625 0.30445741718749997
1 0.1323668234375 0.46256438906249997 0.12643514375 0.505384109375 0.794737778125 0.5031596921875 0.8718496046875 0.49259379687499993 0.8718496046875 0.4447691765625 0.7878173625 0.45811557968749994 0.1323668234375 0.46256438906249997
1 0.12346930468749999 0.532076915625 0.122480753125 0.5776771453125 0.80066945625 0.5737844265625001 0.88766735625 0.568223409375 0.8758039984374999 0.5237354140625 0.7977036156249999 0.5315207984375 0.12346930468749999 0.532076915625
1 0.130389628125 0.5076541812500001 0.1254465921875 0.529898153125 0.7808971312499999 0.5287859687500001 0.8787698359375 0.5221127671875 0.8748154453125 0.495976078125 0.7799085781249999 0.5070980640625 0.130389628125 0.5076541812500001
4 0.9143599109375 0.752201265625 0.8896446421875 0.69603516875 0.1066629109375 0.7082693375 0.111605946875 0.7605427687499999 0.9143599109375 0.752201265625