2 0.686035359375 0 0.12262235156250001 0.0686077171875 0.098533853125 1 0.5305813109375 1 0.9567918000000001 0.9476679328125 0.7144827593749999 0 0.686035359375 0
3 0.2887816484375 0.1262905640625 0.36200139375 0.12380047187500001 0.46852125625 0.1107214765625 0.53103815625 0.0965452046875 0.5294094609375 0.08328055 0.287146778125 0.112427115625 0.2887816484375 0.1262905640625
0 0.5263031546875 0.323845134375 0.7317496984375 0.2970679484375 0.729278575 0.27694226718750004 0.5189544578125 0.3050883109375 0.5263031546875 0.323845134375
1 0.15691458593750002 0.5490621421874999 0.72273414375 0.49034231093749997 0.71671414375 0.46647371406250004 0.15404670625 0.5234888609375 0.15691458593750002 0.5490621421874999
1 0.15630908125 0.5189661250000001 0.7160402 0.4609848890625 0.7128389765625001 0.43491300937500005 0.1585337015625 0.49461577187500005 0.15630908125 0.5189661250000001
1 0.160760734375 0.492310559375 0.7164911203125001 0.43446458281250006 0.7107519265625 0.41288297500000004 0.157542578125 0.466415328125 0.160760734375 0.492310559375
1 0.1605763171875 0.4656440328125 0.7077555125 0.4086079140625 0.7046104484375 0.3829934265625 0.154669215625 0.43798168593750003 0.1605763171875 0.4656440328125
1 0.15942037343749998 0.4373561953125 0.701894940625 0.3810053640625 0.6992553312500001 0.3595074828125 0.15639365 0.4117693015625 0.15942037343749998 0.4373561953125
1 0.6894056390625 0.3296089484375 0.158571278125 0.3864029109375 0.16491524375 0.41072298125 0.6975795359375 0.3508916015625 0.6894056390625 0.3296089484375
0 0.211924703125 0.577205296875 0.12383735 0.587935478125 0.12420730937499999 0.612583415625 0.21218577343749997 0.599459534375 0.211924703125 0.577205296875
4 0.7259353703125 0.5164142093749999 0.221793503125 0.574167375 0.22281420624999998 0.6004760124999999 0.7273758390625 0.548273875 0.7259353703125 0.5164142093749999