2 0.8988299468750001 1 0.7733755437500001 0.02642666875 0.1780087609375 0.0258324828125 0.0327399296875 1 0.8988299468750001 1
3 0.5799755734375001 0.089970825 0.33596660625 0.0893757421875 0.33589976093749996 0.1033350953125 0.40887720468750005 0.10978680625 0.5161970124999999 0.10978680625 0.5799755734375001 0.1033350953125 0.5799755734375001 0.089970825
0 0.7547534671875 0.30654693593750004 0.542566934375 0.3088511203125 0.5475749734375001 0.3283637140625 0.7547534671875 0.32682375625 0.7547534671875 0.30654693593750004
1 0.7191846156249999 0.49313442500000004 0.1537628171875 0.48115267812500007 0.15349272187500002 0.506884846875 0.72225089375 0.5175587625 0.7191846156249999 0.49313442500000004
1 0.7191846156249999 0.4613367046875 0.1617351125 0.45304163124999997 0.1565595125 0.4769393671875 0.7191846156249999 0.4876043796875 0.7191846156249999 0.4613367046875
1 0.7197979078125 0.43921653125000004 0.16418814531249998 0.42493060156249995 0.16422647968749998 0.451025009375 0.7228641859375 0.4613367046875 0.7197979078125 0.43921653125000004
1 0.717344828125 0.40880131718749996 0.16480139062500002 0.39635872499999997 0.16729326875 0.424534775 0.717344828125 0.4346081640625 0.717344828125 0.40880131718749996
1 0.71489184375 0.384837809375 0.16970745625 0.3705518796875 0.1695933609375 0.3963169171875 0.71489184375 0.4064971359375 0.71489184375 0.384837809375
1 0.178293046875 0.3705518796875 0.71427855 0.376081921875 0.708759284375 0.3539617578125 0.1749602390625 0.3456399515625 0.178293046875 0.3705518796875
0 0.11328794375 0.5659466281250001 0.20221002968750001 0.563642446875 0.2046630140625 0.5415222734375 0.1159245703125 0.541437325 0.11328794375 0.5659466281250001
4 0.21263536093750002 0.5659466281250001 0.7197979078125 0.57562419375 0.72225089375 0.5438264562499999 0.2148284828125 0.5397097 0.21263536093750002 0.5659466281250001