2 0.12013594999999999 0 0.21026351875 0.9637441750000001 0.8052468828125001 0.985116 0.9844251765625 0.016611728125 0.50872753125 0 0.12013594999999999 0
3 0.47019461093750003 0.8894102187499999 0.406229740625 0.893632159375 0.405763334375 0.9069882890625 0.6496028890625001 0.9160988 0.65015686875 0.9021502828125 0.5774490421875 0.8931556265625 0.47019461093750003 0.8894102187499999
0 0.23865030781250002 0.68444445 0.45078799687500004 0.689546871875 0.44646398749999994 0.6698713875 0.23935795781250002 0.66417998125 0.23865030781250002 0.68444445
1 0.2807093 0.499211959375 0.845368503125 0.53091934375 0.8465364734374999 0.5052122765625 0.27849728749999997 0.47469548906250003 0.2807093 0.499211959375
1 0.2795995765625 0.530990309375 0.8364200015625001 0.5587350375 0.8424264687499999 0.5350324843750001 0.2805163046875 0.5047386359375 0.2795995765625 0.530990309375
1 0.27821467499999997 0.5530756046875 0.832987403125 0.5867433328125 0.8338597734375 0.5606634828125 0.275922246875 0.5308618953125 0.27821467499999997 0.5530756046875
1 0.27960478437499997 0.5835579015625 0.8313773875000001 0.6152764015625001 0.82987035625 0.5870305515625 0.2805054296875 0.5577667765625 0.27960478437499997 0.5835579015625
1 0.281219959375 0.6075924203125 0.8255736640625001 0.6408963078125 0.8265868765625 0.6151509468749999 0.281975859375 0.5859462875 0.281219959375 0.6075924203125
1 0.8169933031250001 0.6405966750000001 0.2815273046875 0.6163643765625 0.286271225 0.6386636859375 0.8194546671875 0.665609740625 0.8169933031250001 0.6405966750000001
0 0.8887779859375 0.44758960156249994 0.7998296546875 0.44678904218750004 0.7966061812499999 0.46881013281249995 0.885287603125 0.47199195625 0.8887779859375 0.44758960156249994
4 0.7894910890625 0.4441224265625 0.28297523281250003 0.4167510375 0.27941401718750003 0.448443796875 0.786383646875 0.47026683281250004 0.7894910890625 0.4441224265625