2 0.6265399546875 0 0.155906971875 0.0750225 0.1826704328125 1 0.5393508546875 1 1 0.9270403421875001 1 0.794616434375 0.74974038125 0 0.6265399546875 0
3 0.5289581296875 0.1003362328125 0.60002783125 0.082547765625 0.597778084375 0.06877073125 0.3568663640625 0.1075299 0.358956996875 0.12072963437499999 0.42295960781249997 0.11712474843750001 0.5289581296875 0.1003362328125
0 0.42805486249999997 0.317863415625 0.21812024375 0.3487808859375 0.22129223750000002 0.368808065625 0.4261609234375 0.3379192078125 0.42805486249999997 0.317863415625
1 0.8390260578125 0.4272212921875 0.2824398984375 0.5275069796875 0.28323217968750003 0.552110284375 0.8433182265625 0.45259440156249997 0.8390260578125 0.4272212921875
1 0.826754378125 0.4007034796875 0.2774656390625 0.4961007421875 0.2815748078125 0.52204501875 0.8356046875 0.423497353125 0.826754378125 0.4007034796875
1 0.8199340125000001 0.3733222828125 0.27339953906250003 0.4743488453125 0.27383137031250004 0.49667635312499997 0.8239782140624999 0.39910142187500003 0.8199340125000001 0.3733222828125
1 0.8148586906249999 0.34519810624999997 0.2710644296875 0.443924346875 0.2751015109375 0.46941346875 0.816805196875 0.373417078125 0.8148586906249999 0.34519810624999997
1 0.8059759468750001 0.3204764640625 0.2697384953125 0.41987213749999996 0.2731267609375 0.4412648015625 0.810119178125 0.3459064421875 0.8059759468750001 0.3204764640625
1 0.26897451562499997 0.411128109375 0.797496059375 0.3218195453125 0.79689075 0.296692959375 0.270965475 0.38841687812500003 0.26897451562499997 0.411128109375
0 0.804079553125 0.5162742875 0.8922673140624999 0.504639621875 0.8858290500000001 0.480844528125 0.7981964125000001 0.49481018125 0.804079553125 0.5162742875
4 0.2947384 0.609077103125 0.7941430296875 0.5201809828124999 0.7878725484375 0.4946101546875 0.28734135156249996 0.5780545796875 0.2947384 0.609077103125