2 0.43860772031249995 0 0 0.10935718593749999 0 0.307532584375 0.286567540625 1 0.4539669609375 1 0.8798228796875 0.8933706499999999 0.775550175 0 0.43860772031249995 0
3 0.50598505625 0.9006667937499999 0.436736165625 0.9245817031250001 0.4401780984375 0.9381102312499999 0.6767949921875 0.8785017140625 0.6735618828125001 0.86553441875 0.6101170078125 0.8747037828125 0.50598505625 0.9006667937499999
0 0.5875456140625 0.6751730671875 0.7939867328125 0.6260762390625 0.789081325 0.606401728125 0.58768436875 0.6550285265625 0.5875456140625 0.6751730671875
1 0.1686071203125 0.60204983125 0.7143348281249999 0.45363607968749997 0.7114012437499999 0.42919545000000003 0.1621198734375 0.577147359375 0.1686071203125 0.60204983125
1 0.1831432828125 0.6273971875 0.72202739375 0.48448927187499996 0.7156726671875 0.459001859375 0.172340034375 0.6054614078125 0.1831432828125 0.6273971875
1 0.1923241234375 0.65407975625 0.727973821875 0.5058040140625 0.7255976656249999 0.483599103125 0.1860485109375 0.628751190625 0.1923241234375 0.65407975625
1 0.199831315625 0.68165456875 0.7329517156249999 0.53590921875 0.726708475 0.510868946875 0.1954327703125 0.653712628125 0.199831315625 0.68165456875
1 0.210834890625 0.70550795625 0.73636889375 0.5597543390624999 0.731129028125 0.5387383875 0.20449105781250002 0.680535853125 0.210834890625 0.70550795625
1 0.7378920578125 0.5683985093749999 0.21916545312500002 0.7034309140625 0.221958384375 0.7284091296875 0.7378880890625 0.591196840625 0.7378920578125 0.5683985093749999
0 0.19565916249999998 0.5102899203125 0.1088210109375 0.5295663828125 0.11730865625 0.552709796875 0.2033906375 0.5311595984374999 0.19565916249999998 0.5102899203125
4 0.694973821875 0.3734482421875 0.2052173859375 0.5055320671875 0.21369264999999998 0.53045908125 0.7050465124999999 0.40370801875 0.694973821875 0.3734482421875