2 0.43417374999999997 0 0.0322599796875 0.1076924703125 0.4126106296875 0.8942903109375001 0.43002335 0.9303432359375 0.4637410578125 0.9753801234375 0.8854400078125 0.8723551531249999 0.8802882046875 0.8061135500000001 0.7454105234374999 0 0.43417374999999997 0
3 0.7428072343750001 0.8592312218749999 0.5472299781250001 0.9065949 0.5534983390625 0.9226698765625001 0.74659045 0.8751411484375 0.7428072343750001 0.8592312218749999
0 0.476599675 0.8059745250000001 0.391615346875 0.8255053046875 0.3947127453125 0.8405765859375001 0.48109357187499996 0.8173731 0.476599675 0.8059745250000001
0 0.8034462046874999 0.7183962625 0.717751159375 0.7424383953125 0.7204940171875001 0.75328375625 0.808657915625 0.7306827015625 0.8034462046874999 0.7183962625
1 0.6221228812499999 0.7007541984375 0.789931109375 0.6536296593750001 0.7855328953125 0.6377647015625 0.4002003875 0.741134021875 0.41951439218750003 0.7827689453125 0.381373971875 0.7980297296875001 0.3871234 0.8105321875 0.6348961562500001 0.7412610609375 0.6304022953125 0.7298624765625 0.5752408609375 0.744282865625 0.5725402796875 0.7342041625 0.6248234609375001 0.710832903125 0.6221228812499999 0.7007541984375
1 0.3909563390625 0.72275325 0.3540667484375 0.7355184015625 0.3577598203125 0.7496863734375 0.6022117734375 0.6819641843750001 0.6010297125 0.668597965625 0.5602858359375 0.679515253125 0.5522953609375 0.66581288125 0.6039578546875 0.6472889687500001 0.6003570796875 0.63385069375 0.7777454015624999 0.583078934375 0.773341140625 0.56664200625 0.368053340625 0.676678859375 0.3909563390625 0.72275325
1 0.466893478125 0.6300571328125 0.7717986171875 0.546557659375 0.7653267015624999 0.5295677890625 0.35636932187500003 0.6420282046875 0.3668708984375 0.6579383453125 0.3235282515625 0.6681116593749999 0.329907878125 0.683805303125 0.4721951796875 0.6426795734375 0.466893478125 0.6300571328125
1 0.44886100156250003 0.6093234265625 0.44051045312500003 0.5942772359374999 0.7616264312500001 0.508594540625 0.7590064640625 0.491652771875 0.420068703125 0.580670484375 0.3402865796875 0.605288728125 0.3489972078125 0.621678753125 0.3087034125 0.6342758296875 0.31262199062499996 0.650640146875 0.44886100156250003 0.6093234265625
1 0.5038497109375 0.5315756671874999 0.752705109375 0.46813579375 0.7506228562499999 0.45141001718749996 0.328683521875 0.5691493125 0.335155475 0.5861391859375 0.2907420328125 0.5994800203125 0.296677915625 0.6157655640625 0.5133728890625 0.5527890734375001 0.5038497109375 0.5315756671874999
1 0.281403403125 0.5789117218750001 0.650588425 0.4702924421875 0.7516035921875 0.44790652656249996 0.7451292671874999 0.42911688750000004 0.270717328125 0.562356515625 0.281403403125 0.5789117218750001
4 0.7250305671875 0.325452375 0.53242158125 0.3821028734375 0.54090724375 0.4144356765625 0.7344801984375 0.3589280984375 0.7250305671875 0.325452375