2 0.8742162625000001 1 0.78810218125 0.1058911859375 0.775933853125 0.0405733265625 0.341939121875 0.050202565624999994 0.3210267203125 0.10243164375 0.31353850781250003 0.1417628390625 0.1497344953125 1 0.8742162625000001 1
3 0.44038615156249994 0.0950354671875 0.641557896875 0.09016614843750001 0.6410944109375001 0.073819171875 0.44228041406249996 0.0778858609375 0.44038615156249994 0.0950354671875
0 0.3110614921875 0.21363803125 0.3982049875 0.210507753125 0.399595590625 0.1983344703125 0.3101526140625 0.1982786265625 0.3110614921875 0.21363803125
0 0.64758379375 0.20946434531250002 0.7365814140625 0.210507753125 0.738435575 0.19729107343750002 0.64742620625 0.1982786265625 0.64758379375 0.20946434531250002
1 0.5094520328125001 0.244567103125 0.5664661578125 0.2442193 0.5678567234375 0.232046015625 0.31059793281250003 0.2292635546875 0.3082802859375 0.24282806250000002 0.349070884375 0.24769738125 0.3411909 0.2929124609375 0.74014746875 0.293028165625 0.7402896640625001 0.2765654515625 0.566002634375 0.2744786078125 0.566002634375 0.2640443640625 0.5094520328125001 0.2550013453125 0.5094520328125001 0.244567103125
1 0.746779046875 0.3478661125 0.5622943859375 0.344735834375 0.5622943859375 0.330823509375 0.5075979078125 0.3263020203125 0.5117696796875 0.3109984578125 0.55395084375 0.3109984578125 0.5516331953125 0.29778174062499996 0.2979829484375 0.2956359515625 0.29808265624999997 0.3102769984375 0.337019128125 0.313059459375 0.32682146093750003 0.363491634375 0.746779046875 0.364882871875 0.746779046875 0.3478661125
1 0.7504872953125 0.38468209531249997 0.4343602921875 0.3829430546875 0.436214415625 0.3693785328125 0.28813131406250003 0.366480790625 0.28603088125 0.38329085625000003 0.3305297109375 0.3818996203125 0.3245038140625 0.39998564375 0.74863320625 0.40276810625000004 0.7504872953125 0.38468209531249997
1 0.7523414546875 0.44102699687499997 0.7504872953125 0.4239844078125 0.418136765625 0.42433221093749995 0.4223085359375 0.407637425 0.280018203125 0.40298978906249994 0.28046854374999997 0.4198107078125 0.322649725 0.4215497484375 0.3184779546875 0.4396357734375 0.40191323749999996 0.44276603750000004 0.7523414546875 0.44102699687499997
1 0.7523414546875 0.4653735640625 0.49554615156250004 0.46850386874999994 0.49925440156249995 0.4455485125 0.273643615625 0.44080267968750003 0.27212500156249997 0.4580696265625 0.3184779546875 0.4594608375 0.3166238296875 0.47754686093750004 0.7546591031250001 0.48206835156250005 0.7523414546875 0.4653735640625
1 0.2684280453125 0.4803540921875 0.2623908921875 0.49911095312500003 0.7551225890625 0.50502370625 0.756513190625 0.48519862968750005 0.65314613125 0.48972014531249997 0.2684280453125 0.4803540921875
4 0.5618308640625 0.60548855625 0.7625390859375 0.6103578625 0.7630025734375 0.5755770515624999 0.5616590390625 0.572061215625 0.5618308640625 0.60548855625