2 0.811763490625 1 0.7109966421875 0.1556423828125 0.7062702765625 0.1158846453125 0.6890521328125 0.06232401875 0.25678629218750004 0.02244429375 0.2400912625 0.0867542234375 0.091817071875 0.9726780187499999 0.4825396171875 1 0.811763490625 1
3 0.38737549531250004 0.081289903125 0.5877175296875 0.1001803921875 0.587024178125 0.082940425 0.388978159375 0.065015078125 0.38737549531250004 0.081289903125
0 0.621741003125 0.21831380312499998 0.7084538640625 0.227515278125 0.710431946875 0.2122566890625 0.621202953125 0.2060731703125 0.621741003125 0.21831380312499998
0 0.2841888453125 0.19470985624999998 0.37304245625 0.19987715 0.3739799359375 0.188729671875 0.28326115 0.1813960328125 0.2841888453125 0.19470985624999998
1 0.449889721875 0.27042385625 0.275881675 0.26034796718750003 0.27487514375 0.2767804984375 0.6728679453125 0.304494878125 0.6681612015625 0.2588402609375 0.7091921015625 0.2568282109375 0.7078263125 0.243135075 0.451000096875 0.2279652921875 0.45153810937500005 0.24020592343749997 0.5083890906249999 0.244529984375 0.507661234375 0.254938809375 0.450617578125 0.2600150296875 0.449889721875 0.27042385625
1 0.675624171875 0.3248838078125 0.714659890625 0.3248241953125 0.7157806640625 0.31022576874999996 0.4625986125 0.294672584375 0.459364659375 0.30769543593750004 0.501443071875 0.3106378453125 0.504537159375 0.3261951359375 0.44965851562500003 0.326890178125 0.448688040625 0.34076861406250003 0.26443441875 0.3310222671875 0.2632473890625 0.347997575 0.6822790265625 0.3759044859375 0.675624171875 0.3248838078125
1 0.5736452921875 0.38780699375 0.25816705 0.36748989375 0.25875500625000003 0.3856611828125 0.6820453343749999 0.41247126874999995 0.677295734375 0.39400895625 0.72158911875 0.39850088437500003 0.7206664140625 0.3815852484375 0.5727418984375 0.374146178125 0.5736452921875 0.38780699375
1 0.5839450984375001 0.41328189843749996 0.5869421375 0.43022702500000004 0.255425459375 0.40669646718749997 0.2523869859375 0.42356820156249997 0.6018402671875 0.44974764375 0.6852906625 0.4524451546875 0.682390671875 0.4341121796875 0.7245904109375 0.43531978593750004 0.726213021875 0.41857125625 0.5839450984375001 0.41328189843749996
1 0.5066400578125 0.4688912765625 0.2506886546875 0.4478554625 0.2472120828125 0.4643479109375 0.6844957265625 0.49039323125 0.6839077359375 0.4722219265625 0.7302448218750001 0.47406752343749997 0.7299343875 0.4567367046875 0.5045421265625001 0.4457331640625 0.5066400578125 0.4688912765625
1 0.7323782859375 0.49655559218749995 0.3479440109375 0.47906225312500006 0.2451441546875 0.4673412296875 0.24514844062500002 0.4872150171875 0.7370923203124999 0.5156878921875 0.7323782859375 0.49655559218749995
4 0.2304022703125 0.5917752359375 0.43096124375 0.6009184890625 0.4334644234375 0.5675845609375 0.2323660984375 0.5570468171875 0.2304022703125 0.5917752359375