2 0.5174603828125 1 0.908182928125 0.9726780187499999 0.7599087375 0.0867542234375 0.7432137078125 0.02244429375 0.3109478671875 0.06232401875 0.2937297234375 0.1158846453125 0.28900335781250003 0.1556423828125 0.188236509375 1 0.5174603828125 1
3 0.611021840625 0.065015078125 0.41297582187500004 0.082940425 0.4122824703125 0.1001803921875 0.6126245046875 0.081289903125 0.611021840625 0.065015078125
0 0.37879704687500004 0.2060731703125 0.289568053125 0.2122566890625 0.2915461359375 0.227515278125 0.378258996875 0.21831380312499998 0.37879704687500004 0.2060731703125
0 0.71673885 0.1813960328125 0.6260200640625 0.188729671875 0.62695754375 0.19987715 0.7158111546875 0.19470985624999998 0.71673885 0.1813960328125
1 0.548999903125 0.2279652921875 0.2921736875 0.243135075 0.2908078984375 0.2568282109375 0.3318387984375 0.2588402609375 0.3271320546875 0.304494878125 0.72512485625 0.2767804984375 0.724118325 0.26034796718750003 0.550110278125 0.27042385625 0.5493824218750001 0.2600150296875 0.492338765625 0.254938809375 0.491610909375 0.244529984375 0.548461890625 0.24020592343749997 0.548999903125 0.2279652921875
1 0.550341484375 0.326890178125 0.495462840625 0.3261951359375 0.498556928125 0.3106378453125 0.540635340625 0.30769543593750004 0.5374013875 0.294672584375 0.2842193359375 0.31022576874999996 0.285340109375 0.3248241953125 0.324375828125 0.3248838078125 0.3177209734375 0.3759044859375 0.7367526109375 0.347997575 0.73556558125 0.3310222671875 0.551311959375 0.34076861406250003 0.550341484375 0.326890178125
1 0.31795466562499997 0.41247126874999995 0.74124499375 0.3856611828125 0.7418329499999999 0.36748989375 0.42635470781249996 0.38780699375 0.4272581015625 0.374146178125 0.2793335859375 0.3815852484375 0.27841088125 0.39850088437500003 0.322704265625 0.39400895625 0.31795466562499997 0.41247126874999995
1 0.2754095890625 0.43531978593750004 0.317609328125 0.4341121796875 0.31470933749999996 0.4524451546875 0.3981597328125 0.44974764375 0.7476130140625 0.42356820156249997 0.7445745406250001 0.40669646718749997 0.4130578625 0.43022702500000004 0.41605490156249997 0.41328189843749996 0.273786978125 0.41857125625 0.2754095890625 0.43531978593750004
1 0.3155042734375 0.49039323125 0.7527879171875 0.4643479109375 0.7493113453125 0.4478554625 0.4933599421875 0.4688912765625 0.4954578734375 0.4457331640625 0.2700656125 0.4567367046875 0.269755178125 0.47406752343749997 0.3160922640625 0.4722219265625 0.3155042734375 0.49039323125
1 0.6520559890625 0.47906225312500006 0.2676217140625 0.49655559218749995 0.2629076796875 0.5156878921875 0.754851559375 0.4872150171875 0.7548558453124999 0.4673412296875 0.6520559890625 0.47906225312500006
4 0.7676339015625 0.5570468171875 0.5665355765625 0.5675845609375 0.56903875625 0.6009184890625 0.7695977296875001 0.5917752359375 0.7676339015625 0.5570468171875