2 0.153290190625 0 0.191666590625 0.8784905984375 0.2003997703125 0.9443557828125 0.6343036828125 0.9574532703124999 0.6579208828125 0.906390240625 0.66745726875 0.8675048500000001 0.8759534562500001 0.019016712499999998 0.5130929578125001 0 0.153290190625 0
3 0.53833794375 0.9075294906250001 0.33718705625 0.9018636203125 0.33679437343749996 0.9182124515625001 0.5355487359375 0.92455645625 0.53833794375 0.9075294906250001
0 0.673692546875 0.795857796875 0.586504653125 0.794423046875 0.5844788546874999 0.80650686875 0.6737963296875 0.8112437187499999 0.673692546875 0.795857796875
0 0.337413003125 0.782413546875 0.24859195937499998 0.77671379375 0.24604863125 0.7898153203125 0.336984959375 0.7935921828125 0.337413003125 0.782413546875
1 0.6779976296875 0.7668533265625 0.6375177734374999 0.759855865625 0.6477533328125 0.715115159375 0.2493495765625 0.6941198390625 0.248345984375 0.71055255 0.4222849421875 0.7217580124999999 0.42173885625 0.7321779562499999 0.47773868124999996 0.7441682109375 0.47719259531249997 0.754588153125 0.4202384046875 0.7519515921875 0.41821264375 0.764035415625 0.674973246875 0.7802779484375 0.6779976296875 0.7668533265625
1 0.47835487343749994 0.6881265453125 0.43623151718750003 0.6859189531250001 0.4378542796875 0.699238853125 0.69104460625 0.7146567296875 0.6917112890625 0.7000305296875 0.6529738 0.6952141046875 0.6657969078125 0.6453847500000001 0.24648767187499998 0.6220165375 0.24559708281249998 0.6390099765625 0.4296650875 0.6517911453125 0.4289369734375 0.665684403125 0.4833218546875 0.6730622890625 0.47835487343749994 0.6881265453125
1 0.243820715625 0.6020503734375 0.5594234640625 0.6203318390625 0.55686196875 0.6337807343749999 0.704590471875 0.6444245765625001 0.707567796875 0.6277474765625 0.6630571390625 0.6268079171875 0.670021328125 0.60906205 0.2466188125 0.584086184375 0.243820715625 0.6020503734375
1 0.67811405625 0.5697816296875 0.59495694375 0.562288990625 0.24491796250000003 0.5456856515624999 0.245877640625 0.5628019234375 0.5777908968750001 0.5798484796875 0.5727511062499999 0.596302053125 0.714603196875 0.60839021875 0.7150338125 0.5915687843749999 0.673001453125 0.587624534375 0.67811405625 0.5697816296875
1 0.2461921625 0.52137245 0.5027993640624999 0.5316860640625001 0.49789480625 0.5544158859375 0.722948021875 0.5709627703125 0.7253682375 0.553798965625 0.6791516203125 0.549983734375 0.681949753125 0.532019534375 0.244751428125 0.5045792453125 0.2461921625 0.52137245
1 0.7372369437499999 0.513323328125 0.24548996875 0.48163109375 0.24306370781250003 0.501356221875 0.34652574375 0.5022507171874999 0.73022640625 0.5317385234375 0.7372369437499999 0.513323328125
4 0.44377471718750006 0.391420034375 0.24359639843749997 0.3760531453125 0.24131325937499998 0.4107620328125 0.44219685468750003 0.42481055625 0.44377471718750006 0.391420034375