2 0.5423231328125 1 0.98125409375 0.9124853453125 0.797341553125 0.036038387500000005 0.25793975625 0.080788815625 0.313339434375 1 0.5423231328125 1
3 0.42574087499999996 0.23268199531249997 0.42702326562500004 0.25002095468749996 0.7507704703125 0.2170978890625 0.7486901390625 0.1973764046875 0.42574087499999996 0.23268199531249997
0 0.5008075609375 0.368206296875 0.50173696875 0.39174003281249997 0.70870083125 0.3688400609375 0.7104547046875 0.34660894375 0.5008075609375 0.368206296875
1 0.4048509796875 0.7750865109375 0.4081444046875 0.8045209468750001 0.8845767796875 0.726037840625 0.8813054328125001 0.7003124703125 0.4048509796875 0.7750865109375
1 0.4012287203125 0.747083021875 0.40459493125 0.773769253125 0.8820371796875 0.6947051140625 0.8782711015625001 0.67486079375 0.4012287203125 0.747083021875
1 0.405461003125 0.7157674562499999 0.40340468124999995 0.7457861296875 0.8789483453125 0.6752222515625 0.8749972484375 0.648649709375 0.405461003125 0.7157674562499999
1 0.406859446875 0.688610759375 0.40262171249999995 0.7167750500000001 0.87424160625 0.6478852125000001 0.8716009187499999 0.6222714781249999 0.406859446875 0.688610759375
1 0.4015677703125 0.6613874421875 0.4057750265625 0.689277240625 0.8711314421875 0.6225162375 0.8705053250000001 0.5978914046875 0.4015677703125 0.6613874421875
1 0.40021938281249997 0.6357134453125 0.4023304703125 0.6621879578125001 0.8697830515625 0.59684221875 0.8673984421875 0.5725360078125 0.40021938281249997 0.6357134453125
1 0.3970967640625 0.607157146875 0.3997198421875 0.63626619375 0.8658444640624999 0.5734569921875 0.8624082234375001 0.5468635578125001 0.3970967640625 0.607157146875
1 0.395029503125 0.578271140625 0.397523509375 0.609352559375 0.862634440625 0.5454834515625 0.8606879187500001 0.5255036859375 0.395029503125 0.578271140625
1 0.393579771875 0.5538955125 0.3956038484375 0.579910965625 0.8608109015625001 0.5236333140625 0.8556559 0.497181096875 0.393579771875 0.5538955125
1 0.38939530312500004 0.5292480187499999 0.39300228593750003 0.5540451671875 0.8562853234375 0.4972308265625 0.8526055890625001 0.47517981562499995 0.38939530312500004 0.5292480187499999
1 0.3875417953125 0.5041100703125 0.3877999578125 0.52728150625 0.8534334015624999 0.47319758749999996 0.84781214375 0.45282759375000003 0.3875417953125 0.5041100703125
1 0.38541935625 0.47671502343750005 0.38552441875 0.5034720484374999 0.8485486140624999 0.45117629062500003 0.8451242203125 0.42686078906249997 0.38541935625 0.47671502343750005
1 0.3869068953125 0.45307010156249994 0.383470115625 0.47946148749999995 0.8464143890625 0.4273446890625 0.841997828125 0.40462345 0.3869068953125 0.45307010156249994
4 0.8282848296875001 0.8461443734375 0.8206564046875 0.8136198484375001 0.42161124843750003 0.892195171875 0.42313533750000004 0.9233012765625 0.821551025 0.8441597140624999 0.8282848296875001 0.8461443734375