2 0.1062938140625 0.9967344375 0.7845745984375 1 0.65762365 0.042303634374999996 0.1195934 0.10129811250000001 0.1062938140625 0.9967344375
3 0.5239376953125 0.24068915624999998 0.5218880953125 0.22342407031249997 0.1981356953125 0.25038876875 0.199856621875 0.270144859375 0.5239376953125 0.24068915624999998
0 0.47763796875000003 0.394060503125 0.47405985156249997 0.3707818078125 0.264143546875 0.3895838203125 0.2701070953125 0.41107183437500006 0.47763796875000003 0.394060503125
1 0.6482732859375 0.781399165625 0.6458898453125 0.7518771078125 0.16392164375 0.769388671875 0.1656190328125 0.7952655984375 0.6482732859375 0.781399165625
1 0.6458898453125 0.7505351953125 0.6441022359375 0.7236969625 0.1620438171875 0.7438256375 0.16213340625 0.7640239625 0.6458898453125 0.7505351953125
1 0.6417187953125 0.722839090625 0.6339724203125 0.693764309375 0.160256209375 0.7174714437499999 0.16144798437500002 0.744309678125 0.6417187953125 0.722839090625
1 0.636951803125 0.6942116281249999 0.6274179281250001 0.6673733937499999 0.158556934375 0.6909298046875 0.1608520953125 0.716576809375 0.636951803125 0.6942116281249999
1 0.6286095953124999 0.6678207125 0.6274179281250001 0.6396405453125 0.1549804625 0.6667886125 0.1590644875 0.6910804875000001 0.6286095953124999 0.6678207125
1 0.6268219859374999 0.6405718828125 0.6238427125 0.6141809671875 0.15319222500000002 0.6413062453125 0.155489271875 0.6656208875 0.6268219859374999 0.6405718828125
1 0.62443854375 0.61462824375 0.6214591609375 0.5855535046875 0.15319222500000002 0.615153290625 0.154893384375 0.6419137953125 0.62443854375 0.61462824375
1 0.6214591609375 0.587790009375 0.61797673125 0.5568037640625 0.1508052671875 0.5938576109375 0.1527068265625 0.61384170625 0.6214591609375 0.587790009375
1 0.61772583125 0.5585230515624999 0.6147487375 0.5325993640625 0.150340628125 0.5650952328125001 0.15032765937499998 0.59204506875 0.61772583125 0.5585230515624999
1 0.61534416875 0.5326360796875 0.6141533625 0.5076062796875 0.1491368546875 0.54291615 0.1497322578125 0.5652641484375 0.61534416875 0.5326360796875
1 0.61534416875 0.505371490625 0.61117626875 0.4825765203125 0.14957722499999998 0.5200599687499999 0.14794602343750002 0.5411282953125001 0.61534416875 0.505371490625
1 0.613034840625 0.4815652859375 0.6080324921875 0.455279815625 0.1472610640625 0.49405736874999995 0.148539203125 0.51857953125 0.613034840625 0.4815652859375
1 0.61046996875 0.45760388750000003 0.60206061875 0.4323531546875 0.14608693125 0.4716320484375 0.14608693125 0.494778553125 0.61046996875 0.45760388750000003
4 0.243794146875 0.9024244250000001 0.2500255421875 0.899191359375 0.6562221328125 0.9008575703125 0.6517828953125 0.8700321625 0.2450764453125 0.8690418953125001 0.243794146875 0.9024244250000001