2 0.49978783125000004 0 0.0726024203125 0.0319391375 0.1483320890625 0.9242664921875001 0.689166971875 0.9455861703125 0.7478468546875 0 0.49978783125000004 0
3 0.5411277390625 0.77437536875 0.5419679937499999 0.757009365625 0.21662164062499997 0.75023216875 0.2162830203125 0.7700601796875 0.5411277390625 0.77437536875
0 0.4831368453125 0.6307129171875 0.4850824078125 0.6072413296875 0.27687041875 0.604748059375 0.272420325 0.6265997265625 0.4831368453125 0.6307129171875
1 0.62796440625 0.238559690625 0.6282826859374999 0.2089432875 0.14583688125 0.22877889062499998 0.14594870937499999 0.25471118593750003 0.62796440625 0.238559690625
1 0.6281468984374999 0.2667958875 0.6280580125 0.239898334375 0.1445390515625 0.26018756875000004 0.14585864531249998 0.280342940625 0.6281468984374999 0.2667958875
1 0.6201297546875 0.297362246875 0.62582910625 0.26781793125000003 0.1452304984375 0.2799016421875 0.1459137671875 0.306757634375 0.6201297546875 0.297362246875
1 0.6154321671874999 0.32414609375 0.6230706765625 0.2967081875 0.1465706078125 0.3076085234375 0.1460700828125 0.33335315468750004 0.6154321671874999 0.32414609375
1 0.6173667125 0.3518113859375 0.616589728125 0.3236167390625 0.1465658875 0.333167434375 0.1441863265625 0.357685021875 0.6173667125 0.3518113859375
1 0.6155761765625 0.377458340625 0.6167072546875 0.3509238890625 0.144775353125 0.3588144109375 0.14418000625 0.38323005781249997 0.6155761765625 0.377458340625
1 0.6151953812500001 0.4061823359375 0.6161393562499999 0.376970590625 0.145834640625 0.3825053203125 0.14600434375 0.4093193046875 0.6151953812500001 0.4061823359375
1 0.613726915625 0.435104965625 0.6150393703125 0.4039512796875 0.14561161875 0.410661553125 0.1451087125 0.4307296140625 0.613726915625 0.435104965625
1 0.6121951984375 0.45947557968749997 0.6133566953125 0.43340736875 0.14475870468750002 0.43257105781250005 0.1466515671875 0.45945434062499996 0.6121951984375 0.45947557968749997
1 0.613344703125 0.48444931249999995 0.61278661875 0.4593974171875 0.14603289531250002 0.459328275 0.1469978609375 0.48166336718749997 0.613344703125 0.48444931249999995
1 0.6121208499999999 0.509625771875 0.6146885 0.4865955921875 0.14593464375 0.483529934375 0.149031525 0.504433153125 0.6121208499999999 0.509625771875
1 0.610888853125 0.5370752828125 0.614045434375 0.510504896875 0.1480993015625 0.50598239375 0.1485348546875 0.5305339796874999 0.610888853125 0.5370752828125
1 0.6065308093749999 0.560362671875 0.6131582734375 0.5345868421875 0.147313275 0.5298964546875 0.14892789374999998 0.5529865765624999 0.6065308093749999 0.560362671875
4 0.2163465421875 0.116427878125 0.21995436562499998 0.149639640625 0.6256010203125 0.12028137812499999 0.6278791734375 0.08922139375 0.22278828593750002 0.1192183875 0.2163465421875 0.116427878125