2 0.7660158734375 1 0.6735010031249999 0.0480834359375 0.133739628125 0.0882649921875 0.0891978671875 0.9826916921875 0.524715509375 1 0.7660158734375 1
3 0.20703088906249997 0.24000591249999997 0.2080612890625 0.259810028125 0.53297293125 0.24168253437499998 0.5315271218750001 0.22435643593750002 0.20703088906249997 0.24000591249999997
0 0.26814069375 0.3814198109375 0.27335068749999997 0.40310286093750003 0.4813488265625 0.393344615625 0.47858530312500003 0.3699552265625 0.26814069375 0.3814198109375
1 0.1547248453125 0.7574956015625001 0.1555181078125 0.7834160031249999 0.6383622718749999 0.7864024078125 0.6370105890625 0.756815153125 0.1547248453125 0.7574956015625001
1 0.15374029843749998 0.7318826046875 0.153124921875 0.7520717515625 0.6370574203125 0.7554740578125 0.636207540625 0.7285897875 0.15374029843749998 0.7318826046875
1 0.152873528125 0.705482078125 0.15312793593750001 0.7323455562500001 0.6338554921874999 0.7276492578125 0.62712853125 0.69832184375 0.152873528125 0.705482078125
1 0.152101578125 0.6788973046875 0.1535002734375 0.7046087859375 0.6300904875 0.69887286875 0.6214990609375 0.6717182562499999 0.152101578125 0.6788973046875
1 0.1493698 0.6546460015625 0.1526035640625 0.679065609375 0.6226743921875 0.6722068906249999 0.6224669234375 0.6440023015625 0.1493698 0.6546460015625
1 0.14847197343750002 0.6291167484375 0.149919053125 0.6534967453125 0.6218388421875 0.6449122734375 0.6197824125 0.618433459375 0.14847197343750002 0.6291167484375
1 0.1493846984375 0.602979725 0.15015089375 0.6297832984375 0.620362271875 0.6189012578125 0.618399396875 0.5897402515625 0.1493846984375 0.602979725
1 0.147742403125 0.581613715625 0.1489453703125 0.601652 0.61832134375 0.5919753937500001 0.615922440625 0.5608864890625 0.147742403125 0.581613715625
1 0.148281840625 0.5528526421875 0.14732834374999998 0.579785609375 0.615611690625 0.5625959734375 0.613541134375 0.536584178125 0.148281840625 0.5528526421875
1 0.1478528390625 0.5306450593750001 0.1476679453125 0.5530002234375 0.6141349218750001 0.5366416515625 0.61381836875 0.511585540625 0.1478528390625 0.5306450593750001
1 0.1490906109375 0.5078181703125 0.146725128125 0.528816734375 0.6150864421875 0.5093936718750001 0.6117166140625 0.48646712968749994 0.1490906109375 0.5078181703125
1 0.1476833375 0.48175057812500005 0.1481048875 0.5063024078125 0.6136093453125 0.485521375 0.60952739375 0.4590773375 0.1476833375 0.48175057812500005
1 0.147292553125 0.45929794218750003 0.14648475156250002 0.4824303453125 0.6118822765624999 0.46148506093749997 0.6043592875 0.43595622812499996 0.147292553125 0.45929794218750003
4 0.2323523609375 0.85992038125 0.2299058109375 0.8932378234374999 0.2362462421875 0.8902241999999999 0.6421372390625 0.906065453125 0.638776496875 0.8751038953125001 0.2323523609375 0.85992038125