2 0.189262859375 0 0.056138774999999995 0.8265877968750001 0.575750853125 0.9781139890625001 0.867075359375 0.057011984375000005 0.5343860281249999 0 0.189262859375 0
3 0.473528659375 0.7761749484375 0.478545171875 0.7595280671875 0.1645025484375 0.6742437734375 0.15937715624999998 0.6934008890625 0.473528659375 0.7761749484375
0 0.45201543749999995 0.62275061875 0.4595814984375 0.6004469125 0.25815747187500004 0.5476566625 0.24855316875 0.5677826671874999 0.45201543749999995 0.62275061875
1 0.6874114515625 0.2772829765625 0.694885134375 0.24862330625 0.2219713640625 0.15115550312499998 0.21580628124999998 0.176344553125 0.6874114515625 0.2772829765625
1 0.68075756875 0.30472458750000003 0.68717843125 0.278604503125 0.2131136390625 0.1813172359375 0.20951800937499998 0.20119314687499998 0.68075756875 0.30472458750000003
1 0.6655838968750001 0.332443471875 0.6782613703125 0.305155546875 0.20901528125 0.20061299375 0.2031812015625 0.2268365453125 0.6655838968750001 0.332443471875
1 0.6545462484375 0.35729527499999997 0.6685956921875 0.33252031406250004 0.2036126828125 0.22782106406249997 0.196898834375 0.25267988125 0.6545462484375 0.35729527499999997
1 0.6497304890625 0.38460679999999997 0.6557974875 0.3570616828125 0.1974248421875 0.2526196234375 0.1891846234375 0.2758332671875 0.6497304890625 0.38460679999999997
1 0.6417885796875 0.40905875937499997 0.6493053265625 0.3835861265625 0.1894829296875 0.27707160625 0.1829985859375 0.3006179765625 0.6417885796875 0.40905875937499997
1 0.6344701328125 0.4368374078125 0.642453028125 0.40872174375 0.1847794015625 0.300315059375 0.1784571734375 0.3263736078125 0.6344701328125 0.4368374078125
1 0.6260482703125 0.46454565781249996 0.6348584984375 0.4346348796875 0.1777513953125 0.327580978125 0.1724085234375 0.34693126875 0.6260482703125 0.46454565781249996
1 0.6186662671875001 0.487821803125 0.6260997328125 0.46280892187499995 0.17162342656250001 0.34863333750000003 0.1669564078125 0.37517599687500003 0.6186662671875001 0.487821803125
1 0.6137399328125 0.5123318 0.619259028125 0.487889040625 0.1663866125 0.37490400625000003 0.161919565625 0.396809096875 0.6137399328125 0.5123318
1 0.6064616953125 0.536464334375 0.61452458125 0.51473941875 0.1604363671875 0.3983630046875 0.1583843109375 0.4193945109375 0.6064616953125 0.536464334375
1 0.5986256578125 0.5628004296875 0.6081164328125 0.53778294375 0.157104984375 0.42067220625 0.15158803437499999 0.4445998765625 0.5986256578125 0.5628004296875
1 0.5887633375 0.584341778125 0.6014296734375 0.5609349296875 0.150556971875 0.4436857625 0.14653762343750001 0.46648061875 0.5887633375 0.584341778125
4 0.3175667578125 0.059199626562499996 0.313032759375 0.0922976703125 0.7137323828125 0.16194628125 0.7234569546875 0.1323600453125 0.32314206875 0.0634656453125 0.3175667578125 0.059199626562499996