2 0.45273229531250003 0 0 0.105634309375 0 0.31819574375 0.039020820312499996 0.42801937656250005 0.1652299015625 1 0.5569678015624999 1 1 0.8977179578125 1 0.46777504687500004 0.886655159375 0.19060654375 0.8495345609375 0 0.45273229531250003 0
3 0.6156969234375 0.058388653125 0.107515928125 0.152497346875 0.110197953125 0.1857564875 0.61766469375 0.0858253921875 0.6156969234375 0.058388653125
0 0.49625966093749996 0.3702787515625 0.7516664484375 0.311619475 0.7480804546875001 0.2771734515625 0.47947281875 0.3383660703125 0.49625966093749996 0.3702787515625
1 0.10277337187499999 0.6107868062499999 0.8822601078125001 0.4233551359375 0.8614352171874999 0.356794709375 0.0863448109375 0.5316368109375 0.10277337187499999 0.6107868062499999
1 0.13267904218749998 0.793526015625 0.9512379937500001 0.5944640734375 0.9273786890625001 0.5573156203125 0.1241154609375 0.756709028125 0.13267904218749998 0.793526015625
1 0.138790778125 0.7490608171875001 0.923952365625 0.5613879578125001 0.9153218093750001 0.5240049140624999 0.1235963421875 0.7166330000000001 0.138790778125 0.7490608171875001
1 0.121579621875 0.7099801296875 0.91946735 0.523047840625 0.9083094859375 0.4936312015625 0.11442638593750001 0.6769135562499999 0.121579621875 0.7099801296875
1 0.11371557343750001 0.6759171921875 0.9072306687499999 0.488958334375 0.896252453125 0.46032055937500005 0.1163820828125 0.6428287874999999 0.11371557343750001 0.6759171921875
1 0.11063742031249998 0.64484974375 0.8842702296875 0.45570401250000003 0.8831591234375 0.42724920156249996 0.10256953124999998 0.606642134375 0.11063742031249998 0.64484974375
0 0.3843732328125 0.853214209375 0.16110949218749998 0.9048488203125 0.16116714999999998 0.9408396203124999 0.3879591484375 0.8876602515625001 0.3843732328125 0.853214209375
4 0.9724670265625001 0.710059196875 0.3966527328125 0.843293678125 0.405038521875 0.8812561999999999 0.9810975609374999 0.74744215 0.9724670265625001 0.710059196875