2 1 0.6152844359375 0.946343596875 0.2855147640625 0.9561682046875 0.00127300625 0.0515885 0.0033828265625 0.044103346875 0.12682808437499998 0.0670278046875 0.3261664828125 0.060477940625000004 1 1 1 1 0.6152844359375
3 0.1908779640625 0.106124146875 0.7078179703125 0.1229094578125 0.71207255625 0.09573326875 0.1957463578125 0.0731141109375 0.1908779640625 0.106124146875
0 0.7918472359375001 0.3386904421875 0.5163586515625 0.33789112656250003 0.5255364578124999 0.37276210625 0.7875926515625 0.3730602890625 0.7918472359375001 0.3386904421875
1 0.8843858375 0.441770284375 0.0898300328125 0.437773790625 0.08803265625 0.5185907984375 0.8897041484375 0.5113093531249999 0.8843858375 0.441770284375
1 0.9035317921875 0.6519859109375 0.076002390625 0.66557396875 0.0760644671875 0.7033737265625 0.918423 0.693549428125 0.9035317921875 0.6519859109375
1 0.8992772078125 0.6168167484375 0.084511721875 0.6264083109375 0.092022053125 0.661423009375 0.8992772078125 0.6551831203125 0.8992772078125 0.6168167484375
1 0.8992772078125 0.5856440828125 0.084511721875 0.5856440828125 0.0840432609375 0.6194722890625 0.9035317921875 0.6168167484375 0.8992772078125 0.5856440828125
1 0.8950224609375 0.5504749484375 0.0940846984375 0.552872840625 0.0840432609375 0.58451335625 0.8992772078125 0.5808483 0.8950224609375 0.5504749484375
1 0.8897041484375 0.5153058484375 0.0887663875 0.5145065 0.08803265625 0.5535497312500001 0.8843858375 0.543281309375 0.8897041484375 0.5153058484375
0 0.0706840765625 0.853320121875 0.303626165625 0.8525208359375 0.30788083125 0.8181509890625 0.07872406562499999 0.81823879375 0.0706840765625 0.853320121875
4 0.32170839375 0.85012294375 0.9131046890625001 0.8493236265625 0.9131046890625001 0.8109573484375 0.3220772421875 0.81124700625 0.32170839375 0.85012294375