2 0.47048953281249994 0 0 0.0818289875 0 0.256977028125 0.0231923953125 0.3662800296875 0.02761505625 0.7003570953125 0.080450184375 1 0.5437443328125 1 1 0.919549815625 1 0.8105433968750001 0.8962085015625 0.253622571875 0.8841699359374999 0.05333178125 0.8713957328124999 0 0.47048953281249994 0
3 0.229858165625 0.164725521875 0.736029953125 0.058429528125 0.7255033890625 0.0267663765625 0.22094912187500002 0.1387010015625 0.229858165625 0.164725521875
0 0.45573996250000004 0.343194575 0.18457546875 0.3918198375 0.194733678125 0.424928728125 0.45275687031249995 0.3791294953125 0.45573996250000004 0.343194575
1 0.8931330953125001 0.36749387968749997 0.1113423625 0.509402825 0.11818018125 0.578808953125 0.9089368921875 0.44677098437499996 0.8931330953125001 0.36749387968749997
1 0.9463077515625 0.589432115625 0.1289908390625 0.7197494640625 0.121543290625 0.76326736875 0.9528104765625001 0.626668390625 0.9463077515625 0.589432115625
1 0.9311266500000001 0.5523391015625 0.127073725 0.6843757984375001 0.1337359765625 0.7221593000000001 0.9298106562499999 0.5881260046875 0.9311266500000001 0.5523391015625
1 0.9240480171875 0.5121941750000001 0.12166064843749999 0.653676715625 0.122883778125 0.6851146 0.9303835671874999 0.54542710625 0.9240480171875 0.5121941750000001
1 0.9089298078124999 0.48158313125 0.11974370000000001 0.6183030515625 0.1208278703125 0.6489537921874999 0.9243130125000001 0.510999278125 0.9089298078124999 0.48158313125
1 0.9075050765625001 0.44287614687500004 0.118874165625 0.5827447328125 0.1289695671875 0.6093716687499999 0.915007446875 0.4811988125 0.9075050765625001 0.44287614687500004
0 0.754605075 0.81306529375 0.9841470453125 0.7734024671874999 0.9701373921875 0.7402502328125 0.7444467859375 0.7799564171875 0.754605075 0.81306529375
4 0.1538307109375 0.9157514921875001 0.7363811671875 0.8138437765625 0.7292671875 0.7756225015625 0.1471684765625 0.8779680843750001 0.1538307109375 0.9157514921875001