2 0.939522059375 1 0.9329721953125001 0.3261664828125 0.955896653125 0.12682808437499998 0.9484115 0.0033828265625 0.0438317953125 0.00127300625 0.053656403124999995 0.2855147640625 0 0.6152844359375 0 1 0.939522059375 1
3 0.2921820296875 0.1229094578125 0.8091220359375001 0.106124146875 0.8042536421875001 0.0731141109375 0.28792744375 0.09573326875 0.2921820296875 0.1229094578125
0 0.4836413484375 0.33789112656250003 0.2081527640625 0.3386904421875 0.21240734843750003 0.3730602890625 0.47446354218750003 0.37276210625 0.4836413484375 0.33789112656250003
1 0.9101699671875 0.437773790625 0.1156141625 0.441770284375 0.11029585156249999 0.5113093531249999 0.91196734375 0.5185907984375 0.9101699671875 0.437773790625
1 0.923997609375 0.66557396875 0.0964682078125 0.6519859109375 0.081577 0.693549428125 0.9239355328125001 0.7033737265625 0.923997609375 0.66557396875
1 0.915488278125 0.6264083109375 0.1007227921875 0.6168167484375 0.1007227921875 0.6551831203125 0.9079779468750001 0.661423009375 0.915488278125 0.6264083109375
1 0.915488278125 0.5856440828125 0.1007227921875 0.5856440828125 0.0964682078125 0.6168167484375 0.9159567390625 0.6194722890625 0.915488278125 0.5856440828125
1 0.9059153015625 0.552872840625 0.1049775390625 0.5504749484375 0.1007227921875 0.5808483 0.9159567390625 0.58451335625 0.9059153015625 0.552872840625
1 0.9112336125 0.5145065 0.11029585156249999 0.5153058484375 0.1156141625 0.543281309375 0.91196734375 0.5535497312500001 0.9112336125 0.5145065
0 0.696373834375 0.8525208359375 0.9293159234375 0.853320121875 0.9212759343749999 0.81823879375 0.69211916875 0.8181509890625 0.696373834375 0.8525208359375
4 0.0868953109375 0.8493236265625 0.67829160625 0.85012294375 0.6779227578125 0.81124700625 0.0868953109375 0.8109573484375 0.0868953109375 0.8493236265625