2 0.451855475 0 0 0.08783180625 0 0.22436172812500002 0.108151721875 0.7532546953125 0.1236840109375 0.9533048781250001 0.1357340265625 1 0.5351524796875 1 1 0.9107674484375 1 0.7161890109375 0.9790687203124999 0.6253781640625 0.968816284375 0.291429165625 0.9121681921875 0 0.451855475 0
3 0.7759520359375001 0.8305087890625 0.2717124625 0.9456225093749999 0.282790021875 0.977097125 0.785313915625 0.8563738609374999 0.7759520359375001 0.8305087890625
0 0.546989928125 0.6560090984375 0.8172644953124999 0.60265876875 0.806530003125 0.56973220625 0.549345415625 0.6200275890625 0.546989928125 0.6560090984375
1 0.10923933125 0.6393470578125 0.888434340625 0.483815596875 0.880386259375 0.41453937500000004 0.092054365625 0.5603578421875001 0.10923933125 0.6393470578125
1 0.052199418750000004 0.41837065000000007 0.867117496875 0.273809003125 0.87380441875 0.23016774843749999 0.0450478203125 0.381253534375 0.052199418750000004 0.41837065000000007
1 0.06802556875 0.45519306718749997 0.8696516750000001 0.309143821875 0.8623310249999999 0.2714823484375 0.0687167953125 0.41938864843749996 0.06802556875 0.45519306718749997
1 0.07580375 0.49520834062499997 0.8755997000000001 0.3397437578125 0.8738280906250001 0.3083320078125 0.0688891703125 0.462091040625 0.07580375 0.49520834062499997
1 0.0914538921875 0.5255508734375 0.8781337109375 0.37507857968749997 0.876514778125 0.344451428125 0.0755596484375 0.4964076796875 0.0914538921875 0.5255508734375
1 0.0935539359375 0.5642270984375 0.8796236921875 0.41061630625 0.8690651234375 0.3841696140625 0.0853838859375 0.5260412031249999 0.0935539359375 0.5642270984375
0 0.23996995937499999 0.191425859375 0.0111551625 0.2350887046875 0.0257412671875 0.2679913875 0.25070453125 0.22435240625000002 0.23996995937499999 0.191425859375
4 0.8388607015625 0.0782703421875 0.25817750625 0.19032944375 0.26595745625 0.228420740625 0.8461813328125001 0.1159317234375 0.8388607015625 0.0782703421875