2 0.2266666671875 0 0.16 1 0.8533333328125 1 0.8076190484374999 0 0.2266666671875 0
3 0.610177325 0.033915053125 0.4011079046875 0.042283703125 0.40228245156250003 0.061663734375 0.6154627875 0.0541759953125 0.610177325 0.033915053125
0 0.7701692640625 0.173113221875 0.606964878125 0.17253035 0.606964878125 0.1958452625 0.665252159375 0.1975938796875 0.665252159375 0.2249889015625 0.7732779187500001 0.22382315625000002 0.7701692640625 0.173113221875
4 0.203828421875 0.955756440625 0.8070279781249999 0.972535 0.8086851203125001 0.9439493062500001 0.2079712765625 0.9296564593750001 0.203828421875 0.955756440625
1 0.2127765625 0.7836742734375 0.8036467953124999 0.7949458953125 0.8052287765624999 0.765876978125 0.2127765625 0.7593513015625 0.2127765625 0.7836742734375
1 0.792572921875 0.6970607656250001 0.2167315171875 0.6952810359375 0.2183135 0.7190107640625001 0.8028558046875001 0.7290958984375 0.792572921875 0.6970607656250001
1 0.7886179671875 0.5772256375 0.22305944531250002 0.5766323953125 0.2254324171875 0.6003621234375001 0.7949458953125 0.602141853125 0.7886179671875 0.5772256375
1 0.2270144 0.5451905046875 0.23096935468750002 0.5671405046875 0.7894089578125 0.5671405046875 0.79019995 0.5445972625 0.2270144 0.5451905046875
1 0.79019995 0.514341859375 0.2301783640625 0.5119688859375 0.22859638124999998 0.5327323984375 0.7846630125 0.533325640625 0.79019995 0.514341859375
1 0.79019995 0.48171348125 0.23096935468750002 0.48052699531250004 0.23176034531249998 0.500104021875 0.782290040625 0.5024769953125 0.79019995 0.48171348125
1 0.24283421875000002 0.364251328125 0.6881621171875001 0.363064840625 0.7807080578125001 0.3583188953125 0.7783350859375 0.33874187031249997 0.6881621171875001 0.3405216 0.2412522359375 0.342894571875 0.24283421875000002 0.364251328125