2 0.465036596875 0 0.125788128125 0.0476782625 0.21551702968750003 1 0.534963403125 1 0.9062776937500001 0.9478151796875001 0.7080257796875 0 0.465036596875 0
3 0.5342278874999999 0.032975046875000004 0.32602842656250003 0.0537846796875 0.3236141796875 0.0745840375 0.53576195 0.0523299390625 0.5342278874999999 0.032975046875000004
0 0.294269265625 0.22353553124999997 0.3517459390625 0.213691909375 0.3485011296875 0.1906038953125 0.18696615781249998 0.21389475624999998 0.190945215625 0.264543825 0.29808191562499997 0.250663946875 0.294269265625 0.22353553124999997
4 0.3248321640625 1 0.85671829375 0.9101019328125 0.8489833421874999 0.8848325296875 0.256104784375 0.9825894875 0.2595893671875 1 0.3248321640625 1
1 0.240356809375 0.83433496875 0.8239080265625001 0.7409397984375 0.8205229234375 0.7168535359375 0.23474461249999998 0.8057691171875 0.240356809375 0.83433496875
1 0.8076896 0.653957221875 0.2376999359375 0.7358612640625 0.23197555312499998 0.769015734375 0.8094255531250001 0.6776761828125 0.8076896 0.653957221875
1 0.7849105562500001 0.5373439390625 0.224938575 0.616641940625 0.222139896875 0.6421963500000001 0.7858632171875 0.561172984375 0.7849105562500001 0.5373439390625
1 0.775756609375 0.52904526875 0.776618225 0.5067584609375 0.2188309953125 0.584551271875 0.222751703125 0.606765040625 0.775756609375 0.52904526875
1 0.7688614968749999 0.47430049218750003 0.21462025625 0.5545903125 0.222745340625 0.5726187515625 0.77331780625 0.49464176562500006 0.7688614968749999 0.47430049218750003
1 0.7637023390625 0.44327467656249997 0.2100792640625 0.522279471875 0.22080191718750003 0.5417400703124999 0.7656436421875 0.462771265625 0.7637023390625 0.44327467656249997
1 0.2019308578125 0.37904797968750004 0.20230557500000002 0.39876473749999997 0.2946113734375 0.39058458906250004 0.7357704984375 0.329781865625 0.7343647984375 0.3084127828125 0.291473959375 0.3682607375 0.2019308578125 0.37904797968750004