2 0.4781695265625 0 0.11771593124999999 0.031535603125 0.2678857578125 1 0.5218304734375 1 0.8500263359375 0.9712865828125 0.809613075 0 0.4781695265625 0
3 0.44137682343750007 0.9645935625 0.650380046875 0.954708765625 0.6538795390625001 0.9340642640624999 0.44085781874999996 0.9451849093750001 0.44137682343750007 0.9645935625
0 0.6909797546875 0.7868526984375 0.6330666765624999 0.7936747328125 0.6350987046875 0.816900925 0.7976312484375 0.8020960718750001 0.7963084109375 0.7513081671874999 0.688592121875 0.7595619234375001 0.6909797546875 0.7868526984375
4 0.7646755046875 0.0025038875 0.165233653125 0.0717909046875 0.17163550625 0.09743049375 0.7688177484375001 0.0308363734375 0.7646755046875 0.0025038875
1 0.7767850984375 0.1797119015625 0.1891456921875 0.24243836562499999 0.1912655796875 0.26666878125000004 0.7808945828125 0.2085323234375 0.7767850984375 0.1797119015625
1 0.200789575 0.3301505421875 0.774284615625 0.2781897 0.7817363234375 0.2453802578125 0.20029735624999997 0.30637323437499997 0.200789575 0.3301505421875
1 0.21743433437499998 0.44779617343749994 0.78078903125 0.397913515625 0.7849212875 0.3725405984375 0.21773009375000002 0.42394992656249997 0.21743433437499998 0.44779617343749994
1 0.22614141718749997 0.45656255156250003 0.22411458125 0.478773721875 0.7852087437499999 0.4302798515625 0.7824559890625 0.4078913328125 0.22614141718749997 0.45656255156250003
1 0.230161959375 0.5115931640625 0.7878456765624999 0.4604201234375 0.7806752625 0.44199115781250004 0.22677633749999998 0.4910465421875 0.230161959375 0.5115931640625
1 0.23369028125 0.5428464703125 0.7906894265625 0.492924340625 0.7809999578125 0.4729292328125 0.2327720125 0.523275 0.23369028125 0.5428464703125
1 0.791330509375 0.6363859921875 0.7919882015625 0.6166766453125 0.6993807890625 0.6200146703125 0.25564408906249997 0.6576455812499999 0.2559294890625 0.6790589484375 0.7013455625 0.642472128125 0.791330509375 0.6363859921875