2 0.4869070515625 0 0.1666345546875 0.0167847703125 0.173199971875 1 0.5130929546874999 1 0.8657020203125001 0.9815205421875 0.7484182328125 0 0.4869070515625 0
3 0.5748015468750001 0.037735375 0.36558066718750004 0.0403200421875 0.361362825 0.0608298375 0.5746428828125001 0.0571503171875 0.5748015468750001 0.037735375
0 0.31914760000000003 0.206656946875 0.377263484375 0.2018602046875 0.37604327656250003 0.17857724531250002 0.2130930609375 0.187700775 0.21264262031249997 0.23850390781250003 0.32058134374999997 0.23401442499999997 0.31914760000000003 0.206656946875
4 0.2181233640625 0.9879560093749999 0.819618134375 0.93963141875 0.814114990625 0.913784028125 0.2149724328125 0.9594962203125 0.2181233640625 0.9879560093749999
1 0.21220561718750003 0.810433328125 0.8016761718750001 0.76825339375 0.80040320625 0.74396375625 0.2091044546875 0.7814870421875 0.21220561718750003 0.810433328125
1 0.7931004921875 0.6801882828125 0.21814140312500002 0.7121027843750001 0.2095492015625 0.744632178125 0.7927625968750001 0.7039682843749999 0.7931004921875 0.6801882828125
1 0.780571646875 0.562033425 0.2158192515625 0.5922248999999999 0.21080400937500002 0.617438146875 0.7794438453125 0.5858548234375001 0.780571646875 0.562033425
1 0.7721758109375 0.552968515625 0.7749765703125 0.5308416109375 0.2125318 0.5597240359375 0.2145015296875 0.5821949859375 0.7721758109375 0.552968515625
1 0.7700782578124999 0.497831109375 0.210948353125 0.529510096875 0.2174712375 0.5481780796875 0.7727447515625 0.518483371875 0.7700782578124999 0.497831109375
1 0.7676428093750001 0.46647370625000006 0.2092407171875 0.496926434375 0.21822646406250001 0.5172475203125 0.7678774859375 0.48606530000000003 0.7676428093750001 0.46647370625000006
1 0.21360676406249998 0.3535298015625 0.2122616265625 0.3732041890625 0.3049291203125 0.37310015 0.7497088078125 0.35097835 0.750170896875 0.3295680671875 0.3037492984375 0.3505878046875 0.21360676406249998 0.3535298015625