2 0.18184013125 0 0.158252059375 0.9773236046875 0.4825396125 1 0.7402387187499999 1 0.8740500140625 0.0249351765625 0.51746038125 0 0.18184013125 0
3 0.35757861874999997 0.95726400625 0.5667225250000001 0.9634996875 0.566902721875 0.9440849328124999 0.3537193640625 0.9366837234375 0.35757861874999997 0.95726400625
0 0.3159665828125 0.7628137765624999 0.20812265000000002 0.7564411875 0.2076863859375 0.8072444437499999 0.3704525546875 0.8192104578125001 0.3720789203125 0.7959523390625 0.3140556015625 0.790142065625 0.3159665828125 0.7628137765624999
4 0.82724208125 0.06601364374999999 0.2266823015625 0.0071988828125 0.223035159375 0.035599346875 0.8212886749999999 0.09176105625 0.82724208125 0.06601364374999999
1 0.8063118921875001 0.2370524375 0.21766725937500003 0.18459124843750002 0.21406138593750001 0.21347900156250002 0.8046152078125001 0.261316159375 0.8063118921875001 0.2370524375
1 0.22188603593749998 0.283010409375 0.796200571875 0.32495446875 0.7962777437499999 0.3011721921875 0.213862859375 0.2503360140625 0.22188603593749998 0.283010409375
1 0.2174720796875 0.40282950937499995 0.781611546875 0.44287267343750003 0.7808996578125 0.4190352203125 0.2128976328125 0.3775325734375 0.2174720796875 0.40282950937499995
1 0.7754729515625 0.473962090625 0.7730587843750001 0.451789675 0.2159795125 0.4128348984375 0.2136179109375 0.4352680484375 0.7754729515625 0.473962090625
1 0.21150739999999998 0.46544975156249996 0.769999271875 0.506882075 0.773025790625 0.48627949531250003 0.21835509218750002 0.4468984515625 0.21150739999999998 0.46544975156249996
1 0.209231359375 0.49799864843749997 0.7670169328124999 0.5381921984375 0.7675934921875001 0.518607684375 0.218570390625 0.47783748125000003 0.209231359375 0.49799864843749997
1 0.30117158593750004 0.6459643921875 0.7471583468749999 0.6747720593750001 0.7470699890625 0.6533569734375 0.302744121875 0.6234760671874999 0.210092559375 0.621754771875 0.2110941265625 0.6414496390625 0.30117158593750004 0.6459643921875