2 0.7481350703125 1 0.826242525 0.660456015625 0.9547419078124999 0.210389771875 0.9522223500000001 0.0817993546875 0.927026384375 0.021286301562500002 0.057765584375 0.019395151562499997 0.007373653125 0.051542828124999995 0 0.23875529218749997 0.1329307265625 1 0.7481350703125 1
3 0.59320426875 0.9111908859375 0.29977286406250003 0.9183722890625001 0.3019867875 0.9369820828125001 0.59320426875 0.928745403125 0.59320426875 0.9111908859375
1 0.0799468359375 0.5797496234375 0.792327703125 0.5716011296875 0.800679178125 0.5477826343750001 0.0712081296875 0.5565113734375 0.0799468359375 0.5797496234375
1 0.141747765625 0.6067021875 0.788151965625 0.5929125203125001 0.7973385125 0.5716011296875 0.138031025 0.5807928062500001 0.141747765625 0.6067021875
1 0.1442531703125 0.6305207546875 0.7764598234375 0.6186114234375 0.7889870359375 0.5941661078125 0.136986915625 0.61055714375 0.1442531703125 0.6305207546875
1 0.09999038906249999 0.6599805187500001 0.7697787453125 0.6392959953124999 0.777295021875 0.620491878125 0.09209028281250001 0.6364051203125001 0.09999038906249999 0.6599805187500001
1 0.7722840859375 0.6461908515625 0.0924740484375 0.6631145390625 0.101487253125 0.685751259375 0.7681083484375 0.669382578125 0.7722840859375 0.6461908515625
1 0.7706138171875 0.671889803125 0.10249579375 0.6894403078125 0.1067077921875 0.7108159640625 0.7656030078125 0.6938279406250001 0.7706138171875 0.671889803125
1 0.7672732765625 0.6956859921875 0.10834186406249999 0.71260965625 0.10879600781250001 0.734314125 0.7639326109375 0.7182509484375 0.7672732765625 0.6956859921875
0 0.75480423125 0.7444230593750001 0.5060254 0.7460189296874999 0.5000327171875 0.7684689859375 0.7601200171875 0.7651692859375 0.75480423125 0.7444230593750001
4 0.8432716265625 0.40848908437500003 0.04737606875 0.401594203125 0.048237759375 0.4327543921875 0.84160135625 0.43544164687500003 0.8432716265625 0.40848908437500003