2 0.1329307265625 0 0 0.7612447078125 0.007373653125 0.9484571718750001 0.057765584375 0.9806048484375 0.927026384375 0.9787136984375 0.9522223500000001 0.9182006453125 0.9547419078124999 0.789610228125 0.826242525 0.339543984375 0.7481350703125 0 0.1329307265625 0
3 0.29977286406250003 0.0816277109375 0.59320426875 0.0888091140625 0.59320426875 0.07125459687499999 0.3019867875 0.06301791718750001 0.29977286406250003 0.0816277109375
1 0.792327703125 0.4283988703125 0.0799468359375 0.42025037656249997 0.0712081296875 0.4434886265625 0.800679178125 0.452217365625 0.792327703125 0.4283988703125
1 0.788151965625 0.4070874796875 0.141747765625 0.3932978125 0.138031025 0.41920719375 0.7973385125 0.4283988703125 0.788151965625 0.4070874796875
1 0.7764598234375 0.38138857656249997 0.1442531703125 0.3694792453125 0.136986915625 0.38944285624999997 0.7889870359375 0.40583389218750004 0.7764598234375 0.38138857656249997
1 0.7697787453125 0.36070400468749997 0.09999038906249999 0.34001948125000003 0.09209028281250001 0.36359487968750004 0.777295021875 0.379508121875 0.7697787453125 0.36070400468749997
1 0.0924740484375 0.3368854609375 0.7722840859375 0.3538091484375 0.7681083484375 0.330617421875 0.101487253125 0.31424874062499997 0.0924740484375 0.3368854609375
1 0.10249579375 0.3105596921875 0.7706138171875 0.328110196875 0.7656030078125 0.306172059375 0.1067077921875 0.28918403593750003 0.10249579375 0.3105596921875
1 0.10834186406249999 0.28739034375 0.7672732765625 0.3043140078125 0.7639326109375 0.28174905156249996 0.10879600781250001 0.265685875 0.10834186406249999 0.28739034375
0 0.5060254 0.2539810703125 0.75480423125 0.255576940625 0.7601200171875 0.23483071406249997 0.5000327171875 0.23153101406249998 0.5060254 0.2539810703125
4 0.04737606875 0.5984057968750001 0.8432716265625 0.591510915625 0.84160135625 0.564558353125 0.048237759375 0.5672456078125 0.04737606875 0.5984057968750001