2 0.3274263296875 0 0.20657672656249998 0.28533025156249997 0.0018763546874999999 0.70624529375 0 0.71825829375 0 0.897943365625 0.571518303125 1 0.913174259375 1 0.947039209375 0.8440999031249999 0.9483167546875 0.071337034375 0.5437443328125 0 0.3274263296875 0
3 0.4796142609375 0.07887127656250001 0.769834821875 0.122752803125 0.7708860890625 0.104041290625 0.482662571875 0.0615834515625 0.4796142609375 0.07887127656250001
1 0.9275199890625 0.49440341875 0.22454681718749997 0.3787244796875 0.21218618125000002 0.4007309 0.9320906546875 0.5188060875 0.9275199890625 0.49440341875
1 0.8713382187500001 0.45712870624999996 0.2323598 0.358461965625 0.21961213281249997 0.37785436093749997 0.8704993765625 0.48328987031250004 0.8713382187500001 0.45712870624999996
1 0.8730069265625 0.4332369375 0.24833687968749998 0.33518380625 0.2317551 0.3570824140625 0.8766961468750001 0.45415902812500003 0.8730069265625 0.4332369375
1 0.9217128921875 0.411910884375 0.2585082953125 0.3159736359375 0.24784090781249998 0.3331868890625 0.925399153125 0.436499959375 0.9217128921875 0.411910884375
1 0.257238296875 0.30874848125 0.929659259375 0.41012967656250005 0.9247138109374999 0.38627173125 0.2653777953125 0.2866341984375 0.257238296875 0.30874848125
1 0.263345765625 0.28372999375 0.9243611890625001 0.382463596875 0.9239250234374999 0.36068127968749997 0.2720899671875 0.2629952625 0.263345765625 0.28372999375
1 0.27076772031249996 0.2608754 0.9226272484375 0.358631084375 0.9259489453124999 0.33717749375 0.2779759984375 0.23923335625000003 0.27076772031249996 0.2608754
0 0.2915104359375 0.21504398593750002 0.536786878125 0.2566723515625 0.5465869296875 0.23560397968750002 0.28987795312500003 0.1936898640625 0.2915104359375 0.21504398593750002
4 0.1460527375 0.5305121671874999 0.92865956875 0.6755081125 0.9332218796875 0.6446716859375 0.15237789531249998 0.5042591140625 0.1460527375 0.5305121671874999