2 0.23201693906249998 0 0 0.5234458078124999 0 0.8705491265624999 0.52405350625 1 0.8417200046875 1 0.871171075 0.8910195906249999 0.8553695515624999 0.42323542343750004 0.8617253453125 0.07488144375 0.5613922796875 0 0.23201693906249998 0
3 0.6941586046875 0.10653832031249999 0.41358415937500004 0.0280944203125 0.4069338828125 0.045615828125 0.6899117828125 0.12357139375 0.6941586046875 0.10653832031249999
1 0.09761641875 0.3414331140625 0.8033073875 0.526377590625 0.8009662015625001 0.5012462015625 0.111717390625 0.3209992234375 0.09761641875 0.3414331140625
1 0.1683286 0.3340388640625 0.80582816875 0.5024584265625001 0.80207019375 0.47955764843750004 0.1782029828125 0.3097982640625 0.1683286 0.3340388640625
1 0.17451615 0.3049060625 0.8031837296875001 0.47854332031249996 0.7969424859375 0.4517935265625 0.18639619999999998 0.287293321875 0.17451615 0.3049060625
1 0.1372063296875 0.268964403125 0.7982077984375 0.45017098281249995 0.795463915625 0.4301070765625 0.150575175 0.24800050312500002 0.1372063296875 0.268964403125
1 0.8011217390625 0.4005100875 0.15826208125000002 0.22335738749999998 0.1440402890625 0.243141209375 0.7995628531250001 0.4240231234375 0.8011217390625 0.4005100875
1 0.8046046859375 0.37618476093750003 0.16939125 0.20030017500000002 0.1601331265625 0.2200219078125 0.8041593375 0.398683465625 0.8046046859375 0.37618476093750003
1 0.8088923671874999 0.352083115625 0.17710215625 0.1780051953125 0.17141071562500002 0.19895508125 0.80667484375 0.3747859765625 0.8088923671874999 0.352083115625
0 0.816543596875 0.305636103125 0.564980271875 0.2395136046875 0.5653637859375 0.262746559375 0.806366746875 0.3244800734375 0.816543596875 0.305636103125
4 0.8158362562500001 0.6452815421875 0.045388843750000005 0.4559569484375 0.037014417187499996 0.48598308437500004 0.8109364984375 0.6718375734375 0.8158362562500001 0.6452815421875