2 0.46064914375 0 0.1767026515625 0.04497270625 0.1526732109375 0.3925550390625 0.096161740625 0.857181953125 0.11876625156250001 0.9837950624999999 0.1287377390625 1 0.40685066093750005 1 1 0.9073767359374999 1 0.5784565765624999 0.8018905171874999 0 0.46064914375 0
3 0.3436188046875 0.108451915625 0.6323141624999999 0.05545614375 0.6272162828125001 0.0374218015625 0.3408726734375 0.0911135234375 0.3436188046875 0.108451915625
1 0.9024060234375 0.355521434375 0.20007045156249997 0.4750105265625 0.19554783125 0.4998422359375 0.9146724046875001 0.3771065484375 0.9024060234375 0.355521434375
1 0.8371496546875001 0.338568496875 0.2008609421875 0.4533082859375 0.1951213328125 0.47579439062500006 0.8448737562499999 0.3635774640625 0.8371496546875001 0.338568496875
1 0.8309490515625001 0.3154351078125 0.208388940625 0.426096725 0.19984005 0.45220076562499995 0.8412488437500001 0.334016240625 0.8309490515625001 0.3154351078125
1 0.8700583625 0.27941381718749997 0.21175198437499998 0.4046216625 0.20726985781249999 0.424370075 0.881549209375 0.30146311406250004 0.8700583625 0.27941381718749997
1 0.20819889531250002 0.398203615625 0.8769918953125 0.27514256718749996 0.8645484953125001 0.25419451875 0.20869523750000002 0.37464418906249997 0.20819889531250002 0.398203615625
1 0.2058283984375 0.3725597734375 0.8629752765625 0.250708659375 0.8554712453125 0.2302550734375 0.20734563593750002 0.35010786718750003 0.2058283984375 0.3725597734375
1 0.20540526718750002 0.3485339796875 0.853576696875 0.22873909062500003 0.8497328171874999 0.20737288281250002 0.2051748671875 0.32572423906250003 0.20540526718750002 0.3485339796875
0 0.210096640625 0.2984463578125 0.45556294375000006 0.25795255156249997 0.4579698828125 0.23484143125 0.2016008765625 0.2787871234375 0.210096640625 0.2984463578125
4 0.175270078125 0.644083778125 0.9624454374999999 0.526388275 0.956719828125 0.49574651875000003 0.172703475 0.6172017578125 0.175270078125 0.644083778125