2 0.9186834078125001 1 0.8736403218750001 0.0017093390625 0.0984439046875 0.0004171375 0.0645319625 1 0.9186834078125001 1
3 0.2592321375 0.13288706875 0.714758078125 0.12950120625 0.714758078125 0.1037686328125 0.2582644890625 0.1050997765625 0.2592321375 0.13288706875
0 0.62947393125 0.4152176265625 0.356022965625 0.42063502656249996 0.3589639515625 0.45289372187500004 0.632181325 0.44772192187500004 0.62947393125 0.4152176265625
1 0.78650515 0.648842140625 0.21794376093749998 0.6542594890625 0.22272350312500003 0.6864487765625 0.78650515 0.6847322499999999 0.78650515 0.648842140625
1 0.7831208562499999 0.6163378453125 0.19357685625 0.6244639421875 0.1939522265625 0.65344643125 0.78582825 0.6481649796875 0.7831208562499999 0.6163378453125
1 0.19628425 0.6197237062500001 0.7885357468749999 0.6129519828125 0.78650515 0.583156384375 0.1939522265625 0.5925190265625 0.19628425 0.6197237062500001
1 0.7804134625 0.5513293015625 0.1942537046875 0.553360865625 0.1939522265625 0.5857493125000001 0.78582825 0.5811248703125 0.7804134625 0.5513293015625
1 0.78582825 0.518825028125 0.1901925609375 0.5242424015625 0.1939522265625 0.556131825 0.7831208562499999 0.5506521125 0.78582825 0.518825028125
1 0.7777059656249999 0.48293487031250004 0.19628425 0.48902943125 0.1956446546875 0.5205908390625 0.7804134625 0.5154391671874999 0.7777059656249999 0.48293487031250004
0 0.28021474999999996 0.79300439375 0.152288428125 0.79639025625 0.155026384375 0.8252278671875001 0.28021474999999996 0.822799965625 0.28021474999999996 0.79300439375
4 0.2917213796875 0.8221228046875 0.79192004375 0.819414103125 0.7892125453125 0.790295746875 0.2912668328125 0.7896868828125 0.2917213796875 0.8221228046875