2 0.489992978125 0 0.0843526 0.0361703859375 0.1250280015625 1 0.521830475 1 0.9773888218750001 0.960143809375 0.86046615 0 0.489992978125 0
3 0.25376804375 0.149628465625 0.7078556671875 0.11329974218750001 0.7063978125 0.085533853125 0.25152530156249997 0.1239938125 0.25376804375 0.149628465625
0 0.6365120453124999 0.40838860937500004 0.3636294859375 0.42682464531250003 0.36376532968749997 0.4594412171875 0.63639378125 0.4407808734375 0.6365120453124999 0.40838860937500004
1 0.7944275296875001 0.6290896640625 0.2275575359375 0.6732463203125 0.23068556562500003 0.7089998578125 0.7924714578125001 0.66157304375 0.7944275296875001 0.6290896640625
1 0.8161048578125 0.5972837828124999 0.22809601562499998 0.640570753125 0.2281728421875 0.672512740625 0.81825690625 0.6261886999999999 0.8161048578125 0.5972837828124999
1 0.2224066328125 0.6376697140625 0.812994628125 0.59279755 0.8129467343749999 0.5654931421875 0.2218326453125 0.60781051875 0.2224066328125 0.6376697140625
1 0.8092335437499999 0.526510265625 0.2251272390625 0.575573621875 0.2223299109375 0.6057277390625 0.8123567140624999 0.5587491890625 0.8092335437499999 0.526510265625
1 0.8107413921875001 0.4971486546875 0.21690012187500002 0.5436649671875 0.2223711265625 0.575134975 0.8097753796875 0.5292444046875 0.8107413921875001 0.4971486546875
1 0.801603871875 0.46260060625 0.22186346562499998 0.507203478125 0.22199920781250002 0.539820059375 0.804991790625 0.49398616874999995 0.801603871875 0.46260060625
0 0.8722205375 0.7649573421875 0.744485915625 0.7727338765625 0.7470827718749999 0.8024160671875 0.8720063625 0.7939238453125 0.8722205375 0.7649573421875
4 0.2370295734375 0.84364114375 0.735560909375 0.8027443515625 0.73318675 0.7703922421875 0.23718893749999997 0.8143976187499999 0.2370295734375 0.84364114375