2 0.43860772031249995 0 0 0.10935718750000001 0 0.27245275156250004 0.20783879062500002 1 0.5573511734375 1 0.983089028125 0.8930975234374999 0.8027404296875 0 0.43860772031249995 0
3 0.798010615625 0.8075387140625001 0.35519662812499997 0.9144551265624999 0.360980078125 0.9416511125 0.8042358890625 0.8325069203125001 0.798010615625 0.8075387140625001
0 0.3794998234375 0.6118386921875001 0.6461387140625 0.5509413953125 0.6409021859374999 0.5187476390625 0.37454936562499996 0.579826728125 0.3794998234375 0.6118386921875001
1 0.1890032890625 0.41855825781249995 0.74198655 0.2862672375 0.733303946875 0.25144321875000003 0.18585375937499998 0.3861688046875 0.1890032890625 0.41855825781249995
1 0.1725683796875 0.45336363593750006 0.7465662843749999 0.3186247515625 0.7414935765624999 0.287088040625 0.1659211015625 0.425151240625 0.1725683796875 0.45336363593750006
1 0.7526394437499999 0.32060005937499997 0.17634212031250002 0.4573080890625 0.180660775 0.4842688421875 0.757877371875 0.350001846875 0.7526394437499999 0.32060005937499997
1 0.1904265140625 0.522190903125 0.7596663015625 0.3823572421875 0.7577120468749999 0.3521367734375 0.1822985171875 0.490837465625 0.1904265140625 0.522190903125
1 0.1935303984375 0.5514269046875 0.7727837421875 0.41258604375 0.7624571015625 0.3823593375 0.18946363593749999 0.5195751875 0.1935303984375 0.5514269046875
1 0.2079599265625 0.5841201859375 0.7735853406250001 0.44937506875000005 0.7683489109375 0.4171812859375 0.199703934375 0.55365101875 0.2079599265625 0.5841201859375
0 0.0909136546875 0.29653284375 0.2158591328125 0.268869953125 0.20865093125 0.23995943749999998 0.08659383281250001 0.2678894609375 0.0909136546875 0.29653284375
4 0.7059755062499999 0.11945201093749999 0.2199795859375 0.23783277812499998 0.22738550000000002 0.2694151796875 0.7103927999999999 0.14836042968750002 0.7059755062499999 0.11945201093749999