2 0.1660263078125 0 0.0455088484375 0.9258385453125 0.4620380125 1 0.8217593593749999 1 1 0.15732795156249998 1 0.080450184375 0.5437443328125 0 0.1660263078125 0
3 0.6733615656249999 0.9033445609375 0.22416813906250002 0.8275777359375001 0.21969972499999998 0.8529193734374999 0.6694893015625001 0.9308777328125 0.6733615656249999 0.9033445609375
0 0.35777076406249997 0.5610114265624999 0.6280081171874999 0.603160590625 0.6307134750000001 0.5708812812499999 0.36074881406250003 0.5285308109375 0.35777076406249997 0.5610114265624999
1 0.2436936734375 0.303668009375 0.80455805 0.3970626109375 0.805440534375 0.36453235781250004 0.24992592500000002 0.26832315 0.2436936734375 0.303668009375
1 0.241382240625 0.3362661671875 0.8233808249999999 0.430636765625 0.8280439124999999 0.40202940312499996 0.2442427015625 0.30445242499999997 0.241382240625 0.3362661671875
1 0.8198914281249999 0.43483485312500003 0.235461665625 0.33866030468749997 0.2322874609375 0.36835585000000004 0.8174639796875001 0.4620311828125 0.8198914281249999 0.43483485312500003
1 0.2327598875 0.40075721875000003 0.8103673390624999 0.5005420921875 0.81628843125 0.46869805 0.23260130937499998 0.37047404375 0.2327598875 0.40075721875000003
1 0.2217830546875 0.43182741093750004 0.8093104171875 0.5299233921875001 0.811145409375 0.49786558125 0.2299760328125 0.4009539859375 0.2217830546875 0.43182741093750004
1 0.2235496828125 0.46858273749999996 0.79719660625 0.5635435875 0.8033070656250001 0.5325727328125 0.22652763125000003 0.4361021015625 0.2235496828125 0.46858273749999996
0 0.767325896875 0.249612309375 0.8938966796875001 0.26849205781249996 0.8962079171875 0.2396171140625 0.77249984375 0.2202694 0.767325896875 0.249612309375
4 0.7610504375 0.2189381671875 0.2679805546875 0.13474713124999999 0.2655905703125 0.163893265625 0.755865640625 0.2509602453125 0.7610504375 0.2189381671875