2 0.20783879062500002 0 0 0.7275472484375001 0 0.8906428125 0.43860772031249995 1 0.8027404296875 1 0.983089028125 0.1069024765625 0.5573511734375 0 0.20783879062500002 0
3 0.8042358890625 0.1674930796875 0.360980078125 0.0583488875 0.35519662812499997 0.0855448734375 0.798010615625 0.1924612859375 0.8042358890625 0.1674930796875
0 0.37454936562499996 0.420173271875 0.6409021859374999 0.4812523609375 0.6461387140625 0.44905860468750003 0.3794998234375 0.3881613078125 0.37454936562499996 0.420173271875
1 0.18585375937499998 0.6138311953125 0.733303946875 0.74855678125 0.74198655 0.7137327625000001 0.1890032890625 0.5814417421875 0.18585375937499998 0.6138311953125
1 0.1659211015625 0.574848759375 0.7414935765624999 0.712911959375 0.7465662843749999 0.6813752484375 0.1725683796875 0.5466363640624999 0.1659211015625 0.574848759375
1 0.757877371875 0.6499981531250001 0.180660775 0.5157311578125 0.17634212031250002 0.5426919109375 0.7526394437499999 0.679399940625 0.757877371875 0.6499981531250001
1 0.1822985171875 0.5091625343749999 0.7577120468749999 0.6478632265625001 0.7596663015625 0.6176427578125 0.1904265140625 0.477809096875 0.1822985171875 0.5091625343749999
1 0.18946363593749999 0.4804248125 0.7624571015625 0.6176406625 0.7727837421875 0.58741395625 0.1935303984375 0.44857309531249995 0.18946363593749999 0.4804248125
1 0.199703934375 0.44634898125 0.7683489109375 0.5828187140625001 0.7735853406250001 0.55062493125 0.2079599265625 0.41587981406249996 0.199703934375 0.44634898125
0 0.08659383281250001 0.7321105390625 0.20865093125 0.7600405625 0.2158591328125 0.7311300468749999 0.0909136546875 0.70346715625 0.08659383281250001 0.7321105390625
4 0.7103927999999999 0.8516395703124999 0.22738550000000002 0.7305848203124999 0.2199795859375 0.762167221875 0.7059755062499999 0.8805479890625 0.7103927999999999 0.8516395703124999