2 0.14640065156249998 0 0.156735034375 0.46708366718749994 0.1529835125 0.971549909375 0.4781695359375 1 0.7579717140625 1 0.8183253203125 0.6201551296875001 0.9386205953125 0.036464410937500004 0.5218304687499999 0 0.14640065156249998 0
3 0.744236690625 0.9517453671875 0.6743918 0.94630475625 0.6668640984375 0.971107428125 0.742687309375 0.972737309375 0.744236690625 0.9517453671875
0 0.7686495984375 0.8104941609375 0.523598359375 0.7944152156250001 0.5186128078125 0.8207803531250001 0.7665334828125 0.8341584624999999 0.7686495984375 0.8104941609375
1 0.2663569640625 0.351203434375 0.8397380374999999 0.3960075453125 0.8406679968749999 0.360038590625 0.2696147640625 0.31396661875 0.2663569640625 0.351203434375
1 0.26682956406249997 0.3840764109375 0.8370038140625 0.42725986562499996 0.8364203 0.39901970625 0.269447440625 0.3541539609375 0.26682956406249997 0.3840764109375
1 0.269121571875 0.4191186046875 0.8246738125 0.46102279843750005 0.8286722140625 0.4301589453125 0.2657576671875 0.388672815625 0.269121571875 0.4191186046875
1 0.2663291671875 0.45103593125 0.8168799281249999 0.496522765625 0.8217863281250001 0.4705838328125 0.265565690625 0.4214877 0.2663291671875 0.45103593125
1 0.265729865625 0.4885053640625 0.8140875281250001 0.5284400421875 0.816136290625 0.496882871875 0.262773290625 0.4534049765625 0.265729865625 0.4885053640625
1 0.8105316515625001 0.530809059375 0.265438990625 0.49183008125 0.261176240625 0.517588409375 0.8067786984374999 0.565559453125 0.8105316515625001 0.530809059375
1 0.8014666484375 0.5655277453124999 0.2659115953125 0.524703028125 0.2571375171875 0.5560969765625 0.799757584375 0.588389371875 0.8014666484375 0.5655277453124999
1 0.267305209375 0.3097443703125 0.84903574375 0.3586290796875 0.8514177609375 0.32330091875 0.266483559375 0.280861046875 0.267305209375 0.3097443703125
4 0.246212903125 0 0.24153552656250002 0.030170817187499997 0.8067835921875 0.077418446875 0.8117273734375001 0.042534300000000004 0.3506026015625 0 0.246212903125 0