2 0.45185547187499997 0 0.10559411875 0.0673063890625 0.1620561703125 0.568616971875 0.1977688109375 1 0.548144525 1 0.9846704484375 0.91514795625 0.8040218703124999 0.3472290359375 0.7107985234374999 0 0.45185547187499997 0
3 0.6267849140624999 0.0379112421875 0.6956784875 0.0251996546875 0.6919433390624999 0.0044846640625 0.6167058640625 0.0140313 0.6267849140624999 0.0379112421875
0 0.492694315625 0.20473092187500003 0.7347224296875 0.1631252296875 0.7301443140625 0.13981175625 0.48498016718750003 0.179031346875 0.492694315625 0.20473092187500003
1 0.8487470890625 0.5679104781250001 0.28319036249999996 0.6724037890625 0.290322621875 0.7090960859375001 0.8534317343750001 0.6035851828125 0.8487470890625 0.5679104781250001
1 0.8427610859374999 0.5371151656250001 0.2802242109375 0.63966149375 0.28595549375 0.6691463843750001 0.84513266875 0.565261615625 0.8427610859374999 0.5371151656250001
1 0.8269694421875 0.5048260250000001 0.27884075625000004 0.6045716859375 0.27867773125 0.6352023124999999 0.8341720921875 0.53510285625 0.8269694421875 0.5048260250000001
1 0.815507496875 0.4703352140625 0.2727273796875 0.573121090625 0.275056715625 0.602587259375 0.823098375 0.4956191921875 0.815507496875 0.4703352140625
1 0.8093941296875 0.43888466875 0.2682147390625 0.5359195640625 0.26894334999999997 0.5711367140625 0.8147302906249999 0.4700548109375 0.8093941296875 0.43888466875
1 0.2675779296875 0.5326434640625 0.805610103125 0.4369003203125 0.7982453031250001 0.4027325828125 0.260646053125 0.5074718218750001 0.2675779296875 0.5326434640625
1 0.2646117859375 0.49990119843749997 0.7929656671875 0.40331937812499996 0.7888762765624999 0.3807616359375 0.2526042125 0.4695963703125 0.2646117859375 0.49990119843749997
1 0.861900975 0.60411230625 0.2884670640625 0.71353661875 0.2906690453125 0.7423476015625 0.8679627406250001 0.638997946875 0.861900975 0.60411230625
4 0.46830514062499995 1 0.8578378843750001 0.9223752718749999 0.8492748000000001 0.8881989906250001 0.29206194375 0.9942723046875 0.2935765921875 1 0.46830514062499995 1