2 0.219959175 0 0.155494596875 0.48482274218750004 0.07495413281249999 0.9784104625 0.48690704062499995 1 0.868561746875 1 0.8319497625000001 0.425316534375 0.8246089890625001 0.0163258625 0.5130929703125 0 0.219959175 0
3 0.7348082484375 0.0823093 0.8047306000000001 0.086642165625 0.8061178109375 0.065638884375 0.7308056703125 0.056700351562499994 0.7348082484375 0.0823093
0 0.5643433812499999 0.21173427031249997 0.8092475546875001 0.2299163453125 0.8104454671875001 0.2061878359375 0.563075665625 0.1849318625 0.5643433812499999 0.21173427031249997
1 0.8219587781250001 0.6502628031250001 0.2479222828125 0.6148316609375 0.24596601406250002 0.6521594890625 0.8178737765624999 0.6860111359375 0.8219587781250001 0.6502628031250001
1 0.8236006453125 0.6189340984375 0.25296531875 0.582344375 0.251393315625 0.6123399609375 0.8190925390625001 0.646818215625 0.8236006453125 0.6189340984375
1 0.8160895312499999 0.5837837390625 0.26011195 0.5479621953125 0.2525435484375 0.5776435234374999 0.815753603125 0.6149036984375 0.8160895312499999 0.5837837390625
1 0.8133121375 0.54754455625 0.2617887546875 0.515966859375 0.2569203890625 0.5451212734374999 0.8145607859374999 0.5739138921875 0.8133121375 0.54754455625
1 0.8149889390625 0.5155492703125 0.26641002187499996 0.4787786703125 0.25859719062500003 0.5131259874999999 0.812625853125 0.5470844593749999 0.8149889390625 0.5155492703125
1 0.2665846890625 0.4754458265625 0.8117973718749999 0.512708425 0.8129172609375 0.477773909375 0.26594829062500003 0.44934491718749997 0.2665846890625 0.4754458265625
1 0.271627725 0.4429585703125 0.80765249375 0.477066015625 0.8091417875 0.45418902031249997 0.267308228125 0.41064903125 0.271627725 0.4429585703125
1 0.8259639234374999 0.6885714953125001 0.2430913125 0.6560192203125 0.238257878125 0.6845071 0.8234060281250001 0.7238873578125 0.8259639234374999 0.6885714953125001
4 0.17923240000000001 0.969419321875 0.74502674375 0.9963977406250001 0.744986009375 0.9611650421875 0.1786633 0.9292855359375001 0.17923240000000001 0.969419321875