2 0.20114942500000002 0 0.17241379375000002 0.4080459765625 0.1034482765625 1 0.8994252875000001 1 0.8448275859375001 0.5028735625 0.8045977015625001 0 0.20114942500000002 0
3 0.21732049999999997 0.071260290625 0.287373790625 0.070592815625 0.2927111515625 0.0452284421875 0.2170344171875 0.0502131921875 0.21732049999999997 0.071260290625
0 0.2053113453125 0.21410171875 0.45083146249999995 0.20876185625 0.4535001703125 0.1820625265625 0.205356928125 0.190343034375 0.2053113453125 0.21410171875
1 0.745722428125 0.6278670171875 0.1706183078125 0.633206853125 0.1728267875 0.6691199859375 0.745722428125 0.665246071875 0.745722428125 0.6278670171875
1 0.7423865578125 0.595160321875 0.1706183078125 0.6018351546875 0.17366089375 0.62991699375 0.7423865578125 0.625197071875 0.7423865578125 0.595160321875
1 0.73704914375 0.5604512359375 0.17995875625 0.56712606875 0.17866553125 0.5982209593750001 0.7430537734375 0.5904879859375 0.73704914375 0.5604512359375
1 0.73704914375 0.528411990625 0.18462895625 0.5310819078125 0.1820019546875 0.55734975625 0.7403850140625 0.557781240625 0.73704914375 0.528411990625
1 0.7343804890625 0.4910329078125 0.18462895625 0.4990427125 0.1853383796875 0.530658359375 0.7403850140625 0.5257420453125 0.7343804890625 0.4910329078125
1 0.18796482812499998 0.4963727953125 0.7343804890625 0.487695490625 0.73638203125 0.4616636578125 0.1886748046875 0.46142754531249996 0.18796482812499998 0.4963727953125
1 0.19396940468749999 0.4609961578125 0.7310446171875 0.45498882500000004 0.73704914375 0.42294962968750005 0.1936794421875 0.438072571875 0.19396940468749999 0.4609961578125
1 0.7483911875 0.6692509624999999 0.16461372968750002 0.67125343125 0.1653198296875 0.7066547640625 0.7517270578125 0.6979527640625001 0.7483911875 0.6692509624999999
4 0.22932960625 0.9828937359375001 0.795760490625 0.985563678125 0.79842925 0.9455146781250001 0.23121422187500001 0.9477114546875001 0.22932960625 0.9828937359375001