2 0.43860771875 0 0 0.10935718593749999 0 0.126003596875 0.20439019531249997 0.6684728718749999 0.3122907234375 1 0.5613922796875 1 0.9165107953125 0.9114590093749999 0.8338895546874999 0.41379045156250005 0.7777037296875 0 0.43860771875 0
3 0.36129968125 1 0.40888771406249996 0.991410609375 0.3975726984375 0.9680908921875 0.32943881249999996 0.98439066875 0.33310605781249997 1 0.36129968125 1
0 0.5227488625000001 0.794482071875 0.2832299125 0.8486975187500001 0.2890218859375 0.871739440625 0.53179745 0.8197426984374999 0.5227488625000001 0.794482071875
1 0.14817669687499999 0.450434603125 0.707489590625 0.31648554375 0.6984467796875 0.28021680781249997 0.141631403125 0.41505396406250006 0.14817669687499999 0.450434603125
1 0.1557661984375 0.48087442812500003 0.712165275 0.34902773125 0.704898728125 0.3198832 0.15192479375 0.452890671875 0.1557661984375 0.48087442812500003
1 0.17322608281250002 0.512292846875 0.71538329375 0.3839970453125 0.7139430124999999 0.3533998640625 0.1644487375 0.4824344671875 0.17322608281250002 0.512292846875
1 0.1864774296875 0.54613651875 0.7231342890625 0.4150845890625 0.7192660046875 0.3857807109375 0.17757369375 0.5212844671875 0.1864774296875 0.54613651875
1 0.1942284125 0.5772240125 0.7295877234375 0.451998959375 0.7270169875 0.4168682046875 0.18726824687500002 0.5463758609375 0.1942284125 0.5772240125
1 0.7303951171875 0.455237240625 0.19811110625 0.5790076015625 0.207254015625 0.6127430687500001 0.738634875 0.4800116 0.7303951171875 0.455237240625
1 0.7350707937500001 0.48777939843749996 0.2124957046875 0.6118807625 0.21776007343749998 0.63419356875 0.7486479421875 0.5174142671874999 0.7350707937500001 0.48777939843749996
1 0.13314618125 0.414970809375 0.70006739375 0.275685246875 0.6963605796875 0.24702899218750002 0.1252669484375 0.3804502265625 0.13314618125 0.414970809375
4 0.501655709375 0 0.12054710625000001 0.09693136718749999 0.1308871046875 0.13061265312499998 0.66352539375 0 0.501655709375 0