2 0.4609375 0.5578125 0.636328125 0.884375
3 0.480078125 0.25 0.088671875 0.026953125
0 0.651171875 0.34765625 0.122265625 0.04296875
1 0.72530905625 0.559647603125 0.72602932265625 0.5207531750000001 0.2528137828125 0.515891371875 0.25353404921875 0.516431571875 0.24921244687500002 0.55640640078125 0.72530905625 0.559647603125
1 0.2362476375 0.49536375703125 0.234086834375 0.5185923742187499 0.72242798671875 0.5207531750000001 0.71882665078125 0.5007657609375 0.2362476375 0.49536375703125
1 0.72746985703125 0.48239894687499996 0.26145698828124997 0.47645674296875 0.26145698828124997 0.49590395703125 0.726749590625 0.5050873640625 0.72746985703125 0.48239894687499996
1 0.72026718515625 0.4618713328125 0.2585759203125 0.45754972968749996 0.26289752265625 0.47699694375 0.72098745234375 0.48401954921875 0.72026718515625 0.4618713328125
1 0.48203125 0.449609375 0.47734375 0.023828125
1 0.47890625 0.429296875 0.47734375 0.0234375
1 0.7361130640625 0.58395662109375 0.24777191171875002 0.576934015625 0.24417057578125 0.6007028328125 0.7346725296875001 0.6066450367187499 0.7361130640625 0.58395662109375
1 0.73323199453125 0.559647603125 0.22688416406249998 0.5558662 0.22616389609374998 0.57639381484375 0.73323199453125 0.58395662109375 0.73323199453125 0.559647603125
4 0.73797321484375 0.69150482734375 0.21163820390625002 0.679772709375 0.20243654296875002 0.7122085640625 0.7361328828125 0.7225604328124999 0.73797321484375 0.69150482734375