2 0.4421875 0.4609375 0.884375 0.6359375
3 0.75 0.480078125 0.0265625 0.08828125
0 0.65234375 0.651171875 0.0421875 0.12265625
1 0.48383914062500005 0.25293466796874997 0.483298940625 0.25365493359375 0.44332411171875 0.24933333203125 0.440625 0.6458028515625001 0.440625 0.7254399796875 0.45905361562499997 0.72578125 0.47898112812500004 0.72578125 0.48383914062500005 0.25293466796874997
1 0.49937889843749994 0.7185684359375 0.50478090234375 0.23598942265625 0.48155228515625004 0.23382861953125 0.4796875 0.6552702164062499 0.4796875 0.721875 0.48102746796874996 0.721875 0.49937889843749994 0.7185684359375
1 0.5043396140625 0.2613891609375 0.4953125 0.7187629195312499 0.4953125 0.7265625 0.51785532890625 0.7265625 0.523786828125 0.2613891609375 0.5043396140625 0.2613891609375
1 0.538437778125 0.72020512109375 0.54275938125 0.25851385625 0.52331216640625 0.26283545859375 0.51640625 0.71331367109375 0.51640625 0.7203125 0.5351358765625001 0.7203125 0.538437778125 0.72020512109375
1 0.550390625 0.48203125 0.02421875 0.4765625
1 0.570703125 0.47890625 0.0234375 0.4765625
1 0.39930451640625 0.24407802109375 0.39375 0.7025781320312501 0.39375 0.73460458984375 0.40243864374999994 0.73515625 0.41606315625 0.73515625 0.42307333359375 0.24767935703125002 0.39930451640625 0.24407802109375
1 0.42361664921875003 0.22617434140624998 0.4171875 0.6572334875 0.4171875 0.73324243984375 0.44036286171874994 0.73324243984375 0.44414426484374997 0.226894609375 0.42361664921875003 0.22617434140624998
4 0.28779673984375 0.202328921875 0.278125 0.70096083828125 0.278125 0.7360655656249999 0.30233108125 0.7375 0.30850862578125 0.7375 0.32023259453124997 0.21153058281249998 0.28779673984375 0.202328921875