2 0.5578125 0.5390625 0.884375 0.6359375
3 0.25 0.519921875 0.0265625 0.08828125
0 0.34765625 0.348828125 0.0421875 0.12265625
1 0.516160859375 0.7470653320312499 0.516701059375 0.74634506640625 0.5566758882812499 0.75066666796875 0.559375 0.3541971484375 0.559375 0.2745600203125 0.540946384375 0.27421875 0.521018871875 0.27421875 0.516160859375 0.7470653320312499
1 0.5006211015625001 0.2814315640625 0.49521909765625 0.76401057734375 0.51844771484375 0.76617138046875 0.5203125 0.34472978359375 0.5203125 0.278125 0.51897253203125 0.278125 0.5006211015625001 0.2814315640625
1 0.4956603859375 0.7386108390625 0.5046875 0.28123708046874996 0.5046875 0.2734375 0.48214467109375 0.2734375 0.476213171875 0.7386108390625 0.4956603859375 0.7386108390625
1 0.46156222187499996 0.27979487890625 0.45724061875000005 0.74148614375 0.47668783359375 0.73716454140625 0.48359375 0.28668632890625 0.48359375 0.2796875 0.4648641234375 0.2796875 0.46156222187499996 0.27979487890625
1 0.449609375 0.51796875 0.02421875 0.4765625
1 0.429296875 0.52109375 0.0234375 0.4765625
1 0.60069548359375 0.75592197890625 0.60625 0.29742186796875003 0.60625 0.26539541015625 0.5975613562500001 0.26484375 0.58393684375 0.26484375 0.57692666640625 0.75232064296875 0.60069548359375 0.75592197890625
1 0.5763833507812499 0.77382565859375 0.5828125 0.3427665125 0.5828125 0.26675756015625 0.5596371382812501 0.26675756015625 0.5558557351562501 0.7731053906249999 0.5763833507812499 0.77382565859375
4 0.71220326015625 0.797671078125 0.721875 0.29903916171875 0.721875 0.26393443437499997 0.69766891875 0.2625 0.6914913742187501 0.2625 0.6797674054687499 0.7884694171875 0.71220326015625 0.797671078125