2 0.5 0.5 1 1
3 0.4609375 0.0578125 0.346484375 0.044140625
0 0.66875 0.280078125 0.46875 0.028515625
1 0.476953125 0.701953125 0.897265625 0.035546875
1 0.475390625 0.66875 0.889453125 0.037109375
1 0.476953125 0.628515625 0.885546875 0.034375
1 0.476953125 0.57578125 0.88203125 0.065625
1 0.476953125 0.522265625 0.878125 0.035546875
1 0.476171875 0.487109375 0.880078125 0.037109375
1 0.476953125 0.45078125 0.878125 0.035546875
1 0.475390625 0.4171875 0.878125 0.034375
1 0.47421875 0.3734375 0.880078125 0.055859375
4 0.48203125 0.855078125 0.933203125 0.047265625