2 0.5 0.5 1 1
3 0.4609375 0.0578125 0.346875 0.04375
0 0.66875 0.280078125 0.46875 0.02890625
1 0.476953125 0.701953125 0.89765625 0.03515625
1 0.475390625 0.66875 0.88984375 0.0375
1 0.476953125 0.628515625 0.88515625 0.034375
1 0.476953125 0.57578125 0.88203125 0.065625
1 0.476953125 0.522265625 0.878125 0.03515625
1 0.476171875 0.487109375 0.88046875 0.03671875
1 0.476953125 0.45078125 0.878125 0.0359375
1 0.475390625 0.4171875 0.878125 0.034375
1 0.47421875 0.3734375 0.8796875 0.05625
4 0.48203125 0.855078125 0.9328125 0.04765625