2 0.5 0.5 1 1
3 0.0578125 0.5390625 0.04375 0.346875
0 0.280078125 0.33125 0.02890625 0.46875
1 0.701953125 0.523046875 0.03515625 0.89765625
1 0.66875 0.524609375 0.0375 0.88984375
1 0.628515625 0.523046875 0.034375 0.88515625
1 0.57578125 0.523046875 0.065625 0.88203125
1 0.522265625 0.523046875 0.03515625 0.878125
1 0.487109375 0.523828125 0.03671875 0.88046875
1 0.45078125 0.523046875 0.0359375 0.878125
1 0.4171875 0.524609375 0.034375 0.878125
1 0.3734375 0.52578125 0.05625 0.8796875
4 0.855078125 0.51796875 0.04765625 0.9328125