2 0.508984375 0.4609375 0.72421875 0.9125
3 0.7796875 0.3565506890625 0.7796875 0.40788548750000003 0.78142029140625 0.54114634765625 0.80328626796875 0.54296875 0.80418081796875 0.54296875 0.8013367164062499 0.35081094609374996 0.7796875 0.3565506890625
4 0.21458779140625 0.19823606953125 0.2 0.7872203140625 0.2 0.7935974921875 0.20617590546875003 0.79375 0.24409522421875002 0.79375 0.2543843078125 0.19965738671875 0.21458779140625 0.19823606953125
0 0.6648274523437501 0.6024810765625 0.6625077929687501 0.2859375 0.6622514140625 0.2859375 0.6328125 0.29097039687500004 0.6328125 0.60546875 0.6334609648437499 0.60546875 0.6648274523437501 0.6024810765625
1 0.59140625 0.10859375 0.5909134351562499 0.10859375 0.53671875 0.10955535859375001 0.53671875 0.21608515859375 0.538673034375 0.7859375 0.54050011484375 0.7859375 0.5897131210937501 0.78295465625 0.59140625 0.22363520625 0.59140625 0.10859375
1 0.53886023828125 0.11125828828124999 0.4828125 0.1024919046875 0.4828125 0.3747851984375 0.48328055234375 0.79296875 0.48702263125 0.79296875 0.54128068046875 0.78718047109375 0.53886023828125 0.11125828828124999
1 0.33457933828124997 0.08167079609375 0.33203125 0.76633652890625 0.33203125 0.79216458984375 0.35937462578125 0.79375 0.3623447546875 0.79375 0.36871364609375 0.08632905234375 0.33457933828124997 0.08167079609375
1 0.367507221875 0.08087914453125 0.36328125 0.72813353828125 0.36328125 0.7890625 0.39328995078125 0.7890625 0.3958651875 0.08862303359375 0.367507221875 0.08087914453125
1 0.39587572421875 0.07881534999999999 0.39453125 0.55810450703125 0.39453125 0.78515625 0.42232041953125005 0.78515625 0.42556429921875 0.0894243 0.39587572421875 0.07881534999999999
1 0.45294703359375 0.7760310835937501 0.45405368515625 0.0970885625 0.42386104609375 0.08493571484375 0.4203125 0.7056131031249999 0.4203125 0.778125 0.4267751578125 0.778125 0.45294703359375 0.7760310835937501
1 0.45313837265625 0.0950332859375 0.45247794453125 0.77578125 0.46345917109375 0.77578125 0.48222434765625 0.77466903828125 0.48317401484375005 0.10299990781249999 0.45313837265625 0.0950332859375