2 0.4609375 0.491015625 0.91328125 0.723828125
3 0.35670096796875 0.22068501562499998 0.5411202617187499 0.2182870109375 0.54301731171875 0.1955253796875 0.35078486015625 0.1983705859375 0.35670096796875 0.22068501562499998
4 0.794697653125 0.75619635 0.1996690625 0.74589105625 0.1982477453125 0.78568757265625 0.7936052703125 0.8004332156249999 0.794697653125 0.75619635
0 0.29103430390625 0.36772739374999996 0.605559228125 0.36772739374999996 0.602465509375 0.33524756718750004 0.28587815703124997 0.33756754765624997 0.29103430390625 0.36772739374999996
1 0.7829307078125 0.410282621875 0.10855487734375 0.40824120312499995 0.10953789218750001 0.46364231015625 0.78602426953125 0.46132232890624997 0.7829307078125 0.410282621875
1 0.11113337890625 0.46142278984375 0.10231931875 0.51777534609375 0.793243 0.51700202890625 0.78705556171875 0.45900234765625003 0.11113337890625 0.46142278984375
1 0.79377389296875 0.63801430625 0.08618082265625 0.63164386484375 0.08152256640625 0.66577817265625 0.79201078828125 0.66842236328125 0.79377389296875 0.63801430625
1 0.7893663984375 0.6069451890625001 0.08838493593749999 0.604367959375 0.080641046875 0.63272592578125 0.7893663984375 0.63735324609375 0.7893663984375 0.6069451890625001
1 0.78584032109375 0.57785920078125 0.08948699296875 0.57461242421875 0.07887804296874999 0.60430099921875 0.78584032109375 0.6062841289062499 0.78584032109375 0.57785920078125
1 0.77614391171875 0.546790084375 0.097201390625 0.5456834328125 0.08504854296875 0.575876071875 0.7787883015625 0.57984233125 0.77614391171875 0.546790084375
1 0.77438080546875 0.517704109375 0.102711675 0.5167544421875 0.094745053125 0.546790084375 0.77614391171875 0.54745114375 0.77438080546875 0.517704109375