2 0.4609375 0.491015625 0.9125 0.72421875
3 0.3565506890625 0.2203125 0.40788548750000003 0.2203125 0.54114634765625 0.21857970859375003 0.54296875 0.19671373203125 0.54296875 0.19581918203124998 0.35081094609374996 0.19866328359375002 0.3565506890625 0.2203125
4 0.19823606953125 0.78541220859375 0.7872203140625 0.8 0.7935974921875 0.8 0.79375 0.79382409453125 0.79375 0.75590477578125 0.19965738671875 0.7456156921875 0.19823606953125 0.78541220859375
0 0.6024810765625 0.33517254765625004 0.2859375 0.33749220703125 0.2859375 0.3377485859375 0.29097039687500004 0.3671875 0.60546875 0.3671875 0.60546875 0.36653903515624997 0.6024810765625 0.33517254765625004
1 0.10859375 0.40859375 0.10859375 0.40908656484375 0.10955535859375001 0.46328125 0.21608515859375 0.46328125 0.7859375 0.461326965625 0.7859375 0.45949988515625 0.78295465625 0.41028687890625 0.22363520625 0.40859375 0.10859375 0.40859375
1 0.11125828828124999 0.46113976171875004 0.1024919046875 0.5171875 0.3747851984375 0.5171875 0.79296875 0.51671944765625 0.79296875 0.51297736875 0.78718047109375 0.45871931953124995 0.11125828828124999 0.46113976171875004
1 0.08167079609375 0.6654206617187499 0.76633652890625 0.66796875 0.79216458984375 0.66796875 0.79375 0.64062537421875 0.79375 0.6376552453125 0.08632905234375 0.63128635390625 0.08167079609375 0.6654206617187499
1 0.08087914453125 0.632492778125 0.72813353828125 0.63671875 0.7890625 0.63671875 0.7890625 0.6067100492187499 0.08862303359375 0.6041348125 0.08087914453125 0.632492778125
1 0.07881534999999999 0.60412427578125 0.55810450703125 0.60546875 0.78515625 0.60546875 0.78515625 0.57767958046875 0.0894243 0.57443570078125 0.07881534999999999 0.60412427578125
1 0.7760310835937501 0.54705296640625 0.0970885625 0.54594631484375 0.08493571484375 0.57613895390625 0.7056131031249999 0.5796875 0.778125 0.5796875 0.778125 0.5732248421875 0.7760310835937501 0.54705296640625
1 0.0950332859375 0.54686162734375 0.77578125 0.54752205546875 0.77578125 0.53654082890625 0.77466903828125 0.51777565234375 0.10299990781249999 0.51682598515625 0.0950332859375 0.54686162734375