2 0.5390625 0.508984375 0.9125 0.72421875
3 0.6434493109375 0.7796875 0.5921145125 0.7796875 0.45885365234375 0.78142029140625 0.45703125 0.80328626796875 0.45703125 0.80418081796875 0.64918905390625 0.8013367164062499 0.6434493109375 0.7796875
4 0.8017639304687499 0.21458779140625 0.21277968593750002 0.2 0.20640250781249997 0.2 0.20625 0.20617590546875003 0.20625 0.24409522421875002 0.80034261328125 0.2543843078125 0.8017639304687499 0.21458779140625
0 0.3975189234375 0.6648274523437501 0.7140625 0.6625077929687501 0.7140625 0.6622514140625 0.7090296031250001 0.6328125 0.39453125 0.6328125 0.39453125 0.6334609648437499 0.3975189234375 0.6648274523437501
1 0.89140625 0.59140625 0.89140625 0.5909134351562499 0.89044464140625 0.53671875 0.78391484140625 0.53671875 0.2140625 0.538673034375 0.2140625 0.54050011484375 0.21704534375 0.5897131210937501 0.77636479375 0.59140625 0.89140625 0.59140625
1 0.8887417117187499 0.53886023828125 0.8975080953125 0.4828125 0.6252148015625 0.4828125 0.20703125 0.48328055234375 0.20703125 0.48702263125 0.21281952890625 0.54128068046875 0.8887417117187499 0.53886023828125
1 0.9183292039062501 0.33457933828124997 0.23366347109375002 0.33203125 0.20783541015624998 0.33203125 0.20625 0.35937462578125 0.20625 0.3623447546875 0.9136709476562499 0.36871364609375 0.9183292039062501 0.33457933828124997
1 0.9191208554687501 0.367507221875 0.27186646171875 0.36328125 0.2109375 0.36328125 0.2109375 0.39328995078125 0.9113769664062501 0.3958651875 0.9191208554687501 0.367507221875
1 0.92118465 0.39587572421875 0.44189549296874997 0.39453125 0.21484375 0.39453125 0.21484375 0.42232041953125005 0.9105757000000001 0.42556429921875 0.92118465 0.39587572421875
1 0.22396891640625 0.45294703359375 0.9029114375 0.45405368515625 0.91506428515625 0.42386104609375 0.29438689687499997 0.4203125 0.221875 0.4203125 0.221875 0.4267751578125 0.22396891640625 0.45294703359375
1 0.9049667140625001 0.45313837265625 0.22421875 0.45247794453125 0.22421875 0.46345917109375 0.22533096171875 0.48222434765625 0.8970000921875 0.48317401484375005 0.9049667140625001 0.45313837265625