2 0.12734375 0 0.12734375 0.00938069296875 0.1670775859375 0.9648513789062501 0.832295509375 0.9724218718750001 0.9272560242187501 0 0.12734375 0
3 0.571484375 0.8625 0.2265625 0.025
1 0.55859375 0.644140625 0.540625 0.05703125
1 0.560546875 0.5625 0.54765625 0.0515625
1 0.5359375 0.600390625 0.496875 0.02578125
1 0.5609375 0.506640625 0.5453125 0.06171875
1 0.5625 0.434765625 0.559375 0.08671875
1 0.541796875 0.26796875 0.54453125 0.065625
1 0.562109375 0.315234375 0.57734375 0.03515625
1 0.558203125 0.34296875 0.57734375 0.034375
1 0.560546875 0.376171875 0.57421875 0.03828125
4 0.566015625 0.092578125 0.615625 0.034375
0 0.528515625 0.707421875 0.11328125 0.02734375
0 0.261328125 0.712109375 0.09765625 0.0265625