2 0 0.87265625 0.00938069296875 0.87265625 0.9648513789062501 0.8329224140625 0.9724218718750001 0.16770449062499998 0 0.07274397578125 0 0.87265625
3 0.8625 0.428515625 0.025 0.2265625
1 0.644140625 0.44140625 0.05703125 0.540625
1 0.5625 0.439453125 0.0515625 0.54765625
1 0.600390625 0.4640625 0.02578125 0.496875
1 0.506640625 0.4390625 0.06171875 0.5453125
1 0.434765625 0.4375 0.08671875 0.559375
1 0.26796875 0.458203125 0.065625 0.54453125
1 0.315234375 0.437890625 0.03515625 0.57734375
1 0.34296875 0.441796875 0.034375 0.57734375
1 0.376171875 0.439453125 0.03828125 0.57421875
4 0.092578125 0.433984375 0.034375 0.615625
0 0.707421875 0.471484375 0.02734375 0.11328125
0 0.712109375 0.738671875 0.0265625 0.09765625