2 0.87265625 1 0.87265625 0.9906193070312501 0.8329224140625 0.03514862109375 0.16770449062499998 0.027578128125 0.07274397578125 1 0.87265625 1
3 0.428515625 0.1375 0.2265625 0.025
1 0.44140625 0.355859375 0.540625 0.05703125
1 0.439453125 0.4375 0.54765625 0.0515625
1 0.4640625 0.399609375 0.496875 0.02578125
1 0.4390625 0.493359375 0.5453125 0.06171875
1 0.4375 0.565234375 0.559375 0.08671875
1 0.458203125 0.73203125 0.54453125 0.065625
1 0.437890625 0.684765625 0.57734375 0.03515625
1 0.441796875 0.65703125 0.57734375 0.034375
1 0.439453125 0.623828125 0.57421875 0.03828125
4 0.433984375 0.907421875 0.615625 0.034375
0 0.471484375 0.292578125 0.11328125 0.02734375
0 0.738671875 0.287890625 0.09765625 0.0265625