2 0.8731265515625 1 0.8329993648437499 0.0350704953125 0.16778144140625 0.027500002343750003 0.07281329765625 1 0.8731265515625 1
3 0.428515625 0.1375 0.2265625 0.025390625
1 0.44140625 0.355859375 0.541015625 0.05703125
1 0.439453125 0.4375 0.54765625 0.051953125
1 0.4640625 0.399609375 0.49609375 0.025390625
1 0.4390625 0.493359375 0.545703125 0.06171875
1 0.4375 0.565234375 0.559765625 0.086328125
1 0.458203125 0.73203125 0.544140625 0.065234375
1 0.437890625 0.684765625 0.57734375 0.034765625
1 0.441796875 0.65703125 0.576953125 0.034765625
1 0.439453125 0.623828125 0.57421875 0.037890625
4 0.433984375 0.907421875 0.615625 0.034375
0 0.471484375 0.292578125 0.112890625 0.026953125
0 0.738671875 0.287890625 0.097265625 0.0265625