2 0.8774257546875001 0.0058061546875000005 0.15566877343750002 0.03627467578125 0.01018055625 0.99470675390625 1 0.9890109226562499 0.8774257546875001 0.0058061546875000005
3 0.60024846640625 0.04608268203125 0.37725408437499997 0.05654038515625 0.38035118125 0.07455087109375 0.60024846640625 0.058864328125 0.60024846640625 0.04608268203125
0 0.74943984296875 0.16277229765625 0.7605256812500001 0.219172659375 0.8813143718750001 0.20929593125 0.8720229625 0.1535214921875 0.74943984296875 0.16277229765625
1 0.0921553359375 0.6099968078125 0.92622299453125 0.601976165625 0.92312577890625 0.5694410859375 0.09309102109375 0.5798988109375001 0.0921553359375 0.6099968078125
1 0.096027409375 0.5787782140625 0.92312577890625 0.56711714296875 0.91925434765625 0.53922992890625 0.09618817890625 0.54852568125 0.096027409375 0.5787782140625
1 0.9161572507812499 0.50785682109375 0.096027409375 0.5228751500000001 0.09309102109375 0.54678273515625 0.9153829171875 0.5386489976562501 0.9161572507812499 0.50785682109375
1 0.09309102109375 0.51659316015625 0.90916288125 0.50109473515625 0.9091887226562501 0.47592429999999997 0.099285334375 0.4939347859375 0.09309102109375 0.51659316015625
1 0.102382490625 0.49161084296875 0.9062588265624999 0.47350621015625 0.9022200757812501 0.44338919921875003 0.10547958828125 0.46372362890624996 0.102382490625 0.49161084296875
1 0.10957966796875 0.46043796171875 0.9122858203125 0.44106527734374995 0.9091887226562501 0.41027314375 0.110125353125 0.43583641484375 0.10957966796875 0.46043796171875
1 0.10547958828125 0.43583641484375 0.8985146789062499 0.4096169953125 0.8960257625000001 0.38470985234375 0.10935102031249999 0.40794920078125 0.10547958828125 0.43583641484375
1 0.110125353125 0.40562525703125 0.8985146789062499 0.384932525 0.8991229789062499 0.35217477265624997 0.11244817578124999 0.38006198671874997 0.110125353125 0.40562525703125
1 0.10935102031249999 0.38006198671874997 0.89561062421875 0.35153588984375 0.8960257625000001 0.32428753671875 0.11244817578124999 0.35449869375 0.10935102031249999 0.38006198671874997
1 0.889057234375 0.29349540390625 0.12022786953125 0.32539939218749997 0.11631960703125 0.35217477265624997 0.8952515476562499 0.32080164296875 0.889057234375 0.29349540390625
1 0.12638535078125 0.32661147968750004 0.8921543320312499 0.29291441796875 0.8851858039062501 0.25805540625 0.12328819453124999 0.29640032265625 0.12638535078125 0.32661147968750004
4 0.93551440546875 0.638534990625 0.08247515234375 0.64339344296875 0.075282475 0.6739749890625 0.9393858359375 0.6739749890625 0.93551440546875 0.638534990625