2 0.01083010703125 1 0.993937390625 0.8774379078125 0.96346886953125 0.15568092656250002 0.00546875 0.0102582796875 0.00546875 0.085258303125 0.010732553124999999 1 0.01083010703125 1
3 0.9432393953125 0.37734375 0.92578125 0.380345865625 0.92578125 0.38733662109375 0.94095175703125 0.6 0.9537414156249999 0.6 0.9432995695312499 0.37734375 0.9432393953125 0.37734375
0 0.8375993765624999 0.749582575 0.78125 0.7606583921875 0.78125 0.7612919429687499 0.79105880859375 0.88125 0.7923189453124999 0.88125 0.8468501820312501 0.8721656945312499 0.8375993765624999 0.749582575
1 0.4202259921875 0.09290518671875 0.390625 0.09198495234375001 0.390625 0.14365308593749998 0.3981461765625 0.92578125 0.40083686953125 0.92578125 0.43068371718750004 0.9229399445312501 0.4202259921875 0.09290518671875
1 0.42120208984375 0.095838378125 0.43285920625 0.92265625 0.4348836796875 0.92265625 0.46075037500000005 0.9190653171875001 0.45145462265624997 0.09599914765624999 0.42120208984375 0.095838378125
1 0.45390625 0.09310933593750001 0.45390625 0.16025813125 0.46137497421875 0.915319553125 0.47352138515625003 0.915625 0.49215856484375 0.915625 0.477148821875 0.0959640453125 0.45390625 0.09310933593750001
1 0.48359375 0.1115878296875 0.498730084375 0.90859375 0.52389820078125 0.90859375 0.505900234375 0.09925333125 0.48359375 0.0931552171875 0.48359375 0.1115878296875
1 0.536354475 0.105503371875 0.509375 0.10250708593749999 0.509375 0.142711425 0.526571159375 0.90625 0.52681506796875 0.90625 0.5566889046875 0.902243859375 0.536354475 0.105503371875
1 0.56396428203125 0.11012059765625 0.53984375 0.10958558203124999 0.53984375 0.1295057359375 0.55872184921875 0.91171875 0.56432609765625 0.91171875 0.589527553125 0.9091839671875 0.56396428203125 0.11012059765625
1 0.5919339156250001 0.10939502890625 0.5640625 0.10552578984375001 0.5640625 0.10600143828125 0.5902621140625001 0.8984375 0.5914788718749999 0.8984375 0.6151732640625001 0.8960697710937501 0.5919339156250001 0.10939502890625
1 0.5953125 0.1455528328125 0.615073346875 0.8984375 0.6478094078125001 0.8984375 0.6199442484375 0.11238484140625 0.5953125 0.11014666171875001 0.5953125 0.1455528328125
1 0.6203125 0.125735878125 0.64823332578125 0.8953125 0.67546509921875 0.8953125 0.64527966953125 0.1124021921875 0.6203125 0.1093772609375 0.6203125 0.125735878125
1 0.67481239453125 0.120154071875 0.6484375 0.11630426640625 0.6484375 0.12618907265624998 0.6793841046875 0.89453125 0.68226009375 0.89453125 0.7067163828125 0.88898343671875 0.67481239453125 0.120154071875
1 0.703453734375 0.1231969578125 0.6734375 0.12627413125 0.6734375 0.13072375 0.70691073515625 0.89140625 0.71022540859375 0.89140625 0.74179865078125 0.8850945671874999 0.703453734375 0.1231969578125
4 0.32602002109375 0.07558538046874999 0.32602002109375 0.9390625 0.331752784375 0.9390625 0.36146001953125 0.9358173109375001 0.35660156718749997 0.0827780578125 0.32602002109375 0.07558538046874999