2 0.98916989296875 0 0.006062609375 0.1225620921875 0.03653113046875 0.8443190734374999 0.99453125 0.9897417203125001 0.99453125 0.9147416968750001 0.989267446875 0 0.98916989296875 0
3 0.05676060468750001 0.62265625 0.07421875 0.6196541343749999 0.07421875 0.61266337890625 0.05904824296875 0.4 0.046258584375 0.4 0.05670043046874999 0.62265625 0.05676060468750001 0.62265625
0 0.1624006234375 0.250417425 0.21875 0.2393416078125 0.21875 0.23870805703125 0.20894119140625 0.11875 0.2076810546875 0.11875 0.15314981796875 0.12783430546875002 0.1624006234375 0.250417425
1 0.5797740078125 0.90709481328125 0.609375 0.90801504765625 0.609375 0.8563469140625 0.6018538234374999 0.07421875 0.59916313046875 0.07421875 0.5693162828125 0.07706005546875 0.5797740078125 0.90709481328125
1 0.5787979101562499 0.904161621875 0.5671407937499999 0.07734375 0.5651163203125 0.07734375 0.539249625 0.0809346828125 0.5485453773437501 0.9040008523437499 0.5787979101562499 0.904161621875
1 0.54609375 0.9068906640625001 0.54609375 0.83974186875 0.5386250257812499 0.08468044687500001 0.5264786148437499 0.084375 0.50784143515625 0.084375 0.522851178125 0.9040359546875001 0.54609375 0.9068906640625001
1 0.51640625 0.8884121703125001 0.501269915625 0.09140625 0.47610179921875 0.09140625 0.494099765625 0.9007466687499999 0.51640625 0.9068447828125 0.51640625 0.8884121703125001
1 0.463645525 0.894496628125 0.490625 0.8974929140624999 0.490625 0.8572885749999999 0.473428840625 0.09375 0.47318493203124995 0.09375 0.4433110953125 0.097756140625 0.463645525 0.894496628125
1 0.43603571796875 0.88987940234375 0.46015625 0.8904144179687499 0.46015625 0.8704942640625 0.44127815078125004 0.08828125 0.43567390234375003 0.08828125 0.41047244687499995 0.0908160328125 0.43603571796875 0.88987940234375
1 0.40806608437499997 0.89060497109375 0.4359375 0.8944742101562501 0.4359375 0.8939985617187499 0.40973788593749993 0.1015625 0.408521128125 0.1015625 0.3848267359375 0.10393022890625 0.40806608437499997 0.89060497109375
1 0.4046875 0.8544471671875 0.384926653125 0.1015625 0.35219059218750004 0.1015625 0.3800557515625 0.88761515859375 0.4046875 0.88985333828125 0.4046875 0.8544471671875
1 0.3796875 0.874264121875 0.35176667421875 0.1046875 0.32453490078125 0.1046875 0.35472033046874996 0.8875978078125 0.3796875 0.8906227390625 0.3796875 0.874264121875
1 0.32518760546875003 0.8798459281250001 0.3515625 0.88369573359375 0.3515625 0.87381092734375 0.3206158953125 0.10546875 0.31773990625000004 0.10546875 0.2932836171875 0.11101656328125001 0.32518760546875003 0.8798459281250001
1 0.296546265625 0.8768030421875 0.3265625 0.87372586875 0.3265625 0.8692762500000001 0.29308926484375003 0.10859375 0.28977459140625 0.10859375 0.25820134921875 0.11490543281250001 0.296546265625 0.8768030421875
4 0.67397997890625 0.9244146195312499 0.67397997890625 0.0609375 0.668247215625 0.0609375 0.63853998046875 0.06418268906249999 0.6433984328125 0.9172219421875001 0.67397997890625 0.9244146195312499