2 1 0.98916989296875 0.8774379078125 0.006062609375 0.15568092656250002 0.03653113046875 0.0102582796875 0.99453125 0.085258303125 0.99453125 1 0.989267446875 1 0.98916989296875
3 0.37734375 0.05676060468750001 0.380345865625 0.07421875 0.38733662109375 0.07421875 0.6 0.05904824296875 0.6 0.046258584375 0.37734375 0.05670043046874999 0.37734375 0.05676060468750001
0 0.749582575 0.1624006234375 0.7606583921875 0.21875 0.7612919429687499 0.21875 0.88125 0.20894119140625 0.88125 0.2076810546875 0.8721656945312499 0.15314981796875 0.749582575 0.1624006234375
1 0.09290518671875 0.5797740078125 0.09198495234375001 0.609375 0.14365308593749998 0.609375 0.92578125 0.6018538234374999 0.92578125 0.59916313046875 0.9229399445312501 0.5693162828125 0.09290518671875 0.5797740078125
1 0.095838378125 0.5787979101562499 0.92265625 0.5671407937499999 0.92265625 0.5651163203125 0.9190653171875001 0.539249625 0.09599914765624999 0.5485453773437501 0.095838378125 0.5787979101562499
1 0.09310933593750001 0.54609375 0.16025813125 0.54609375 0.915319553125 0.5386250257812499 0.915625 0.5264786148437499 0.915625 0.50784143515625 0.0959640453125 0.522851178125 0.09310933593750001 0.54609375
1 0.1115878296875 0.51640625 0.90859375 0.501269915625 0.90859375 0.47610179921875 0.09925333125 0.494099765625 0.0931552171875 0.51640625 0.1115878296875 0.51640625
1 0.105503371875 0.463645525 0.10250708593749999 0.490625 0.142711425 0.490625 0.90625 0.473428840625 0.90625 0.47318493203124995 0.902243859375 0.4433110953125 0.105503371875 0.463645525
1 0.11012059765625 0.43603571796875 0.10958558203124999 0.46015625 0.1295057359375 0.46015625 0.91171875 0.44127815078125004 0.91171875 0.43567390234375003 0.9091839671875 0.41047244687499995 0.11012059765625 0.43603571796875
1 0.10939502890625 0.40806608437499997 0.10552578984375001 0.4359375 0.10600143828125 0.4359375 0.8984375 0.40973788593749993 0.8984375 0.408521128125 0.8960697710937501 0.3848267359375 0.10939502890625 0.40806608437499997
1 0.1455528328125 0.4046875 0.8984375 0.384926653125 0.8984375 0.35219059218750004 0.11238484140625 0.3800557515625 0.11014666171875001 0.4046875 0.1455528328125 0.4046875
1 0.125735878125 0.3796875 0.8953125 0.35176667421875 0.8953125 0.32453490078125 0.1124021921875 0.35472033046874996 0.1093772609375 0.3796875 0.125735878125 0.3796875
1 0.120154071875 0.32518760546875003 0.11630426640625 0.3515625 0.12618907265624998 0.3515625 0.89453125 0.3206158953125 0.89453125 0.31773990625000004 0.88898343671875 0.2932836171875 0.120154071875 0.32518760546875003
1 0.1231969578125 0.296546265625 0.12627413125 0.3265625 0.13072375 0.3265625 0.89140625 0.29308926484375003 0.89140625 0.28977459140625 0.8850945671874999 0.25820134921875 0.1231969578125 0.296546265625
4 0.07558538046874999 0.67397997890625 0.9390625 0.67397997890625 0.9390625 0.668247215625 0.9358173109375001 0.63853998046875 0.0827780578125 0.6433984328125 0.07558538046874999 0.67397997890625