2 0.019743284375 0 0 1 0.9612078187499999 1 0.87131533046875 0 0.019743284375 0
3 0.4671875 0.0703125 0.244921875 0.0578125
4 0.716015625 0.5921875 0.3828125 0.075390625
0 0.46953125 0.238671875 0.430859375 0.039453125
1 0.52578125 0.299609375 0.69140625 0.04140625
1 0.52734375 0.336328125 0.690234375 0.03515625
1 0.530078125 0.370703125 0.690234375 0.03515625
1 0.534765625 0.40625 0.690234375 0.03515625
1 0.886709475 0.42078329296875 0.1858640921875 0.42496804062500004 0.18497942812499998 0.462150725 0.8895620359375 0.45430517109375 0.886709475 0.42078329296875
1 0.888611153125 0.45430517109375 0.186577125 0.46186753124999996 0.18593026640625002 0.49781226328125 0.89146371484375 0.48782704765625 0.888611153125 0.45430517109375
1 0.18307770703124998 0.533473834375 0.89105434921875 0.51748415390625 0.89526715703125 0.48854026875 0.18688114921875001 0.49781226328125 0.18307770703124998 0.533473834375