2 1 0.0390625 0.99548929921875 0.0390625 0 0.12854951015625 0 0.98012155625 1 0.999864840625 1 0.0390625
3 0.0703125 0.5328125 0.0578125 0.2453125
4 0.5921875 0.283984375 0.075 0.3828125
0 0.238671875 0.53046875 0.03984375 0.43125
1 0.299609375 0.47421875 0.04140625 0.6921875
1 0.336328125 0.47265625 0.03515625 0.690625
1 0.370703125 0.469921875 0.03515625 0.68984375
1 0.40625 0.465234375 0.034375 0.68984375
1 0.42463817421875005 0.8143651757812499 0.46171875 0.81524741015625 0.46171875 0.8060798132812501 0.45397831406250005 0.1109375 0.45079925000000004 0.1109375 0.4204534265625 0.11351979296875 0.42463817421875005 0.8143651757812499
1 0.46175437343750003 0.813397759375 0.496875 0.8140297875 0.496875 0.75581513203125 0.48771505859375 0.10859375 0.4867434453125 0.10859375 0.45419201328125 0.11136373125000001 0.46175437343750003 0.813397759375
1 0.51755370546875 0.10883571875 0.4890535765625 0.1046875 0.488610665625 0.1046875 0.49788181484375 0.8130089187499999 0.5335433859375 0.8168123609375 0.51755370546875 0.10883571875