2 0.0390625 0 0.0390625 0.00451070078125 0.12854951015625 1 0.98012155625 1 0.999864840625 0 0.0390625 0
3 0.5328125 0.9296875 0.2453125 0.0578125
4 0.283984375 0.4078125 0.3828125 0.075
0 0.53046875 0.761328125 0.43125 0.03984375
1 0.47421875 0.700390625 0.6921875 0.04140625
1 0.47265625 0.663671875 0.690625 0.03515625
1 0.469921875 0.629296875 0.68984375 0.03515625
1 0.465234375 0.59375 0.68984375 0.03515625
1 0.8143651757812499 0.57536182578125 0.81524741015625 0.53828125 0.8060798132812501 0.53828125 0.1109375 0.5460216859375 0.1109375 0.54920075 0.11351979296875 0.5795465734375 0.8143651757812499 0.57536182578125
1 0.813397759375 0.5382456265625 0.8140297875 0.503125 0.75581513203125 0.503125 0.10859375 0.51228494140625 0.10859375 0.5132565546875 0.11136373125000001 0.54580798671875 0.813397759375 0.5382456265625
1 0.10883571875 0.48244629453125 0.1046875 0.5109464234375001 0.1046875 0.511389334375 0.8130089187499999 0.50211818515625 0.8168123609375 0.46645661406250005 0.10883571875 0.48244629453125