2 1 0.01987844375 0 0.000135159375 0 0.9609375 0.00451070078125 0.9609375 1 0.8714504898437501 1 0.01987844375
3 0.9296875 0.4671875 0.0578125 0.2453125
4 0.4078125 0.716015625 0.075 0.3828125
0 0.761328125 0.46953125 0.03984375 0.43125
1 0.700390625 0.52578125 0.04140625 0.6921875
1 0.663671875 0.52734375 0.03515625 0.690625
1 0.629296875 0.530078125 0.03515625 0.68984375
1 0.59375 0.534765625 0.034375 0.68984375
1 0.57536182578125 0.18563482421875 0.53828125 0.18475258984375 0.53828125 0.19392018671875 0.5460216859375 0.8890625 0.54920075 0.8890625 0.5795465734375 0.88648020703125 0.57536182578125 0.18563482421875
1 0.5382456265625 0.186602240625 0.503125 0.1859702125 0.503125 0.24418486796875 0.51228494140625 0.89140625 0.5132565546875 0.89140625 0.54580798671875 0.88863626875 0.5382456265625 0.186602240625
1 0.48244629453125 0.89116428125 0.5109464234375001 0.8953125 0.511389334375 0.8953125 0.50211818515625 0.18699108125 0.46645661406250005 0.1831876390625 0.48244629453125 0.89116428125