2 1 0.00078125 0.00012062734375 0.00078125 0.14550252421875 0.920634440625 0.8176030078125001 0.93130406796875 1 0.18235135859375 1 0.00078125
3 0.296395240625 0.8474511218749999 0.7489491265625 0.85505966953125 0.74841271875 0.82992923046875 0.3210436953125 0.81796875 0.2875 0.81796875 0.2875 0.81853790078125 0.296395240625 0.8474511218749999
0 0.37610784375 0.66082361015625 0.65296906171875 0.666133415625 0.65264166796875 0.6384896 0.39374829921875 0.63125 0.37578125 0.63125 0.37578125 0.6483290375 0.37610784375 0.66082361015625
4 0.8898813226562501 0.14572193359375002 0.17818213125 0.12734375 0.1640625 0.12734375 0.1640625 0.14736121640625 0.16476759609375 0.176980834375 0.8827897789062501 0.19453125 0.8834178546875 0.19453125 0.8898813226562501 0.14572193359375002
1 0.523046875 0.586328125 0.5953125 0.05859375
1 0.21440220937499999 0.49452243046875 0.8366623171875001 0.50597918828125 0.8425341453125 0.47441406328125 0.248200171875 0.4640625 0.2109375 0.4640625 0.2109375 0.46801990546875 0.21440220937499999 0.49452243046875
1 0.21101234296875 0.52295211953125 0.8268824210937501 0.53479104140625 0.83636206953125 0.50386626640625 0.222724253125 0.49453125 0.209375 0.49453125 0.209375 0.499003646875 0.21101234296875 0.52295211953125
1 0.2202107109375 0.55506457265625 0.82360370234375 0.56102358515625 0.8279449515625 0.5330424078125 0.25285592265625 0.52265625 0.21875 0.52265625 0.21875 0.530412675 0.2202107109375 0.55506457265625
1 0.2100502953125 0.46349337421875003 0.8423102859375 0.47459454062499995 0.85301550625 0.44147120859375005 0.2862520421875 0.434375 0.20859375 0.434375 0.20859375 0.44109577265625 0.2100502953125 0.46349337421875003
1 0.8761835578125 0.34354414296875 0.88125 0.309567778125 0.88125 0.3078096484375 0.196875 0.2931425875 0.196875 0.300520271875 0.19842194609375 0.32836925859375 0.8761835578125 0.34354414296875
1 0.8718111984375 0.34403149296875 0.21422046093749997 0.33046875 0.19609375 0.33046875 0.19609375 0.36415789921875 0.86887528359375 0.3763306796875 0.8718111984375 0.34403149296875
1 0.8707379875000001 0.37664997265625 0.2236941484375 0.3625 0.199421221875 0.3625 0.20134954921874998 0.3979380765625 0.8659010851562501 0.40997468828125 0.8707379875000001 0.37664997265625
1 0.8609375 0.41062378515625 0.8609375 0.41056251953125 0.22048585156249997 0.39765625 0.20546875 0.39765625 0.20546875 0.43112058984374996 0.8461361085937501 0.44296875 0.8556514500000001 0.44296875 0.8609375 0.41062378515625