2 1 1 0.85449747578125 0.07938358203125 0.1823969921875 0.0687139546875 0 0.8176666640624999 0 1 1 1
3 0.2514028890625 0.170121159375 0.71278355234375 0.18303350000000002 0.70342036796875 0.15259926796875 0.25086648125 0.1449907203125 0.2514028890625 0.170121159375
0 0.3472043734375 0.36170399531249997 0.62452468671875 0.3694588796875 0.62373819765625 0.33936998515625 0.34687697968750003 0.3340601796875 0.3472043734375 0.36170399531249997
4 0.8353157359375001 0.8229287046874999 0.11666750390625 0.80536298671875 0.11020200937499999 0.8541876046875 0.8365063265625 0.8729429359375 0.8353157359375001 0.8229287046874999
1 0.476953125 0.413671875 0.5953125 0.058203125
1 0.78979715625 0.53675506171875 0.7857288703124999 0.5056356117187499 0.1634687625 0.49417885390625005 0.157596934375 0.52574397890625 0.78979715625 0.53675506171875
1 0.78881848828125 0.47729521718749995 0.1729484109375 0.4654562953125 0.1634687625 0.49638107031249995 0.7907758242187499 0.50592403125 0.78881848828125 0.47729521718749995
1 0.7800107453125 0.4449960296875 0.17661775468750002 0.43903701718750004 0.17227650546875 0.4670181953125 0.78196808125 0.47802927734375 0.7800107453125 0.4449960296875
1 0.78979715625 0.5365512367187499 0.157537165625 0.5254500703125 0.1468319453125 0.5585734023437501 0.7917544015625 0.56664820703125 0.78979715625 0.5365512367187499
1 0.8015408117187499 0.67162053828125 0.1237792 0.65644565390625 0.1184514265625 0.69217454765625 0.80349805859375 0.70685600234375 0.8015408117187499 0.67162053828125
1 0.804075590625 0.6360807937499999 0.13117370703125 0.6239058359375 0.1282377921875 0.6562050226562499 0.8044767265624999 0.6701523828125 0.804075590625 0.6360807937499999
1 0.7986048984375 0.6018836710937501 0.1340533625 0.589847059375 0.12921646015625 0.623171775 0.80056214375 0.63785319609375 0.7986048984375 0.6018836710937501
1 0.794690315625 0.56885042421875 0.1443275265625 0.55682296171875 0.139002825 0.5894044328125 0.794690315625 0.60261773203125 0.794690315625 0.56885042421875