2 0.00078125 0 0.00078125 0.99987937265625 0.920634440625 0.85449747578125 0.93130406796875 0.1823969921875 0.18235135859375 0 0.00078125 0
3 0.8474511218749999 0.703604759375 0.85505966953125 0.2510508734375 0.82992923046875 0.25158728125 0.81796875 0.6789563046875 0.81796875 0.7125 0.81853790078125 0.7125 0.8474511218749999 0.703604759375
0 0.66082361015625 0.6238921562499999 0.666133415625 0.34703093828125 0.6384896 0.34735833203125 0.63125 0.60625170078125 0.63125 0.62421875 0.6483290375 0.62421875 0.66082361015625 0.6238921562499999
4 0.14572193359375002 0.11011867734375 0.12734375 0.82181786875 0.12734375 0.8359375 0.14736121640625 0.8359375 0.176980834375 0.83523240390625 0.19453125 0.11721022109375001 0.19453125 0.1165821453125 0.14572193359375002 0.11011867734375
1 0.586328125 0.476953125 0.05859375 0.5953125
1 0.49452243046875 0.785597790625 0.50597918828125 0.1633376828125 0.47441406328125 0.15746585468750002 0.4640625 0.751799828125 0.4640625 0.7890625 0.46801990546875 0.7890625 0.49452243046875 0.785597790625
1 0.52295211953125 0.78898765703125 0.53479104140625 0.17311757890624999 0.50386626640625 0.16363793046875 0.49453125 0.777275746875 0.49453125 0.790625 0.499003646875 0.790625 0.52295211953125 0.78898765703125
1 0.55506457265625 0.7797892890625 0.56102358515625 0.17639629765625 0.5330424078125 0.1720550484375 0.52265625 0.74714407734375 0.52265625 0.78125 0.530412675 0.78125 0.55506457265625 0.7797892890625
1 0.46349337421875003 0.7899497046875 0.47459454062499995 0.1576897140625 0.44147120859375005 0.14698449375 0.434375 0.7137479578125 0.434375 0.79140625 0.44109577265625 0.79140625 0.46349337421875003 0.7899497046875
1 0.34354414296875 0.12381644218750001 0.309567778125 0.11875 0.3078096484375 0.11875 0.2931425875 0.803125 0.300520271875 0.803125 0.32836925859375 0.80157805390625 0.34354414296875 0.12381644218750001
1 0.34403149296875 0.1281888015625 0.33046875 0.7857795390625 0.33046875 0.80390625 0.36415789921875 0.80390625 0.3763306796875 0.13112471640625 0.34403149296875 0.1281888015625
1 0.37664997265625 0.1292620125 0.3625 0.7763058515625 0.3625 0.800578778125 0.3979380765625 0.79865045078125 0.40997468828125 0.13409891484375 0.37664997265625 0.1292620125
1 0.41062378515625 0.1390625 0.41056251953125 0.1390625 0.39765625 0.7795141484375 0.39765625 0.79453125 0.43112058984374996 0.79453125 0.44296875 0.15386389140625 0.44296875 0.14434855 0.41062378515625 0.1390625