2 0 0.99921875 0.99987937265625 0.99921875 0.85449747578125 0.079365559375 0.1823969921875 0.06869593203124999 0 0.81764864140625 0 0.99921875
3 0.703604759375 0.152548878125 0.2510508734375 0.14494033046875 0.25158728125 0.17007076953125 0.6789563046875 0.18203125 0.7125 0.18203125 0.7125 0.18146209921875 0.703604759375 0.152548878125
0 0.6238921562499999 0.33917638984375 0.34703093828125 0.333866584375 0.34735833203125 0.3615104 0.60625170078125 0.36875 0.62421875 0.36875 0.62421875 0.35167096249999996 0.6238921562499999 0.33917638984375
4 0.11011867734375 0.8542780664062499 0.82181786875 0.87265625 0.8359375 0.87265625 0.8359375 0.85263878359375 0.83523240390625 0.823019165625 0.11721022109375001 0.80546875 0.1165821453125 0.80546875 0.11011867734375 0.8542780664062499
1 0.476953125 0.413671875 0.5953125 0.05859375
1 0.785597790625 0.50547756953125 0.1633376828125 0.49402081171875 0.15746585468750002 0.52558593671875 0.751799828125 0.5359375 0.7890625 0.5359375 0.7890625 0.5319800945312501 0.785597790625 0.50547756953125
1 0.78898765703125 0.47704788046875 0.17311757890624999 0.46520895859375005 0.16363793046875 0.49613373359375 0.777275746875 0.50546875 0.790625 0.50546875 0.790625 0.500996353125 0.78898765703125 0.47704788046875
1 0.7797892890625 0.44493542734374997 0.17639629765625 0.43897641484375 0.1720550484375 0.46695759218750005 0.74714407734375 0.47734375 0.78125 0.47734375 0.78125 0.469587325 0.7797892890625 0.44493542734374997
1 0.7899497046875 0.53650662578125 0.1576897140625 0.525405459375 0.14698449375 0.55852879140625 0.7137479578125 0.565625 0.79140625 0.565625 0.79140625 0.55890422734375 0.7899497046875 0.53650662578125
1 0.12381644218750001 0.65645585703125 0.11875 0.690432221875 0.11875 0.6921903515625 0.803125 0.7068574125 0.803125 0.699479728125 0.80157805390625 0.67163074140625 0.12381644218750001 0.65645585703125
1 0.1281888015625 0.65596850703125 0.7857795390625 0.66953125 0.80390625 0.66953125 0.80390625 0.63584210078125 0.13112471640625 0.6236693203125 0.1281888015625 0.65596850703125
1 0.1292620125 0.62335002734375 0.7763058515625 0.6375 0.800578778125 0.6375 0.79865045078125 0.6020619234375 0.13409891484375 0.59002531171875 0.1292620125 0.62335002734375
1 0.1390625 0.58937621484375 0.1390625 0.58943748046875 0.7795141484375 0.60234375 0.79453125 0.60234375 0.79453125 0.56887941015625 0.15386389140625 0.55703125 0.14434855 0.55703125 0.1390625 0.58937621484375